22   0   831512   816150   846874 18.8 18.5 19.1   302056   292729   311383 27.4 26.6 28.2   197278   189030   205526 25.0 24.0 26.0  42510  41852  43168  101442   97102  105782 32.9 31.5 34.3 Louisiana                                     LA est10_LA.txt 24OCT2011
22   1    12760    10650    14870 21.0 17.5 24.5     4886     3958     5814 29.6 24.0 35.2     3220     2590     3850 27.1 21.8 32.4  36814  33728  39900                                        AcadiaParish                                 LA est10_LA.txt 24OCT2011
22   3     4374     3404     5344 20.4 15.9 24.9     1539     1209     1869 26.6 20.9 32.3      960      736     1184 23.2 17.8 28.6  35711  33319  38103                                        AllenParish                                  LA est10_LA.txt 24OCT2011
22   5    13622    11651    15593 12.8 11.0 14.6     5668     4867     6469 18.6 16.0 21.2     3386     2797     3975 15.3 12.6 18.0  62069  57154  66984                                        AscensionParish                              LA est10_LA.txt 24OCT2011
22   7     3858     2951     4765 16.7 12.8 20.6     1324      990     1658 23.4 17.5 29.3      860      636     1084 20.5 15.2 25.8  43503  39810  47196                                        AssumptionParish                             LA est10_LA.txt 24OCT2011
22   9     8350     6640    10060 21.6 17.2 26.0     3009     2302     3716 29.7 22.7 36.7     2042     1514     2570 27.9 20.7 35.1  31523  29209  33837                                        AvoyellesParish                              LA est10_LA.txt 24OCT2011
22  11     5410     4357     6463 15.7 12.6 18.8     2000     1568     2432 21.9 17.2 26.6     1313     1007     1619 19.7 15.1 24.3  43672  40786  46558                                        BeauregardParish                             LA est10_LA.txt 24OCT2011
22  13     3403     2710     4096 24.4 19.4 29.4     1163      895     1431 35.6 27.4 43.8      788      606      970 32.5 25.0 40.0  31421  28657  34185                                        BienvilleParish                              LA est10_LA.txt 24OCT2011
22  15    16090    13536    18644 14.0 11.8 16.2     6503     5458     7548 22.0 18.5 25.5     4143     3343     4943 19.8 16.0 23.6  48957  45134  52780                                        BossierParish                                LA est10_LA.txt 24OCT2011
22  17    48606    42686    54526 19.5 17.1 21.9    19279    16342    22216 31.3 26.5 36.1    13418    11356    15480 30.5 25.8 35.2  37739  35261  40217                                        CaddoParish                                  LA est10_LA.txt 24OCT2011
22  19    33282    29706    36858 17.6 15.7 19.5    11651     9918    13384 24.2 20.6 27.8     7576     6248     8904 21.9 18.1 25.7  40928  38757  43099                                        CalcasieuParish                              LA est10_LA.txt 24OCT2011
22  21     2057     1611     2503 21.6 16.9 26.3      734      567      901 31.4 24.2 38.6      492      380      604 29.0 22.4 35.6  34855  31531  38179                                        CaldwellParish                               LA est10_LA.txt 24OCT2011
22  23      889      677     1101 13.1 10.0 16.2      300      229      371 18.6 14.2 23.0      204      154      254 16.8 12.7 20.9  47100  42668  51532                                        CameronParish                                LA est10_LA.txt 24OCT2011
22  25     2480     1926     3034 26.1 20.3 31.9      865      667     1063 37.2 28.7 45.7      546      413      679 32.6 24.6 40.6  31325  28364  34286                                        CatahoulaParish                              LA est10_LA.txt 24OCT2011
22  27     4375     3537     5213 30.9 25.0 36.8     1342     1068     1616 40.5 32.2 48.8      913      731     1095 37.9 30.3 45.5  34274  31581  36967                                        ClaiborneParish                              LA est10_LA.txt 24OCT2011
22  29     6339     5314     7364 32.9 27.6 38.2     2281     1836     2726 44.1 35.5 52.7     1426     1114     1738 38.1 29.8 46.4  29891  27232  32550                                        ConcordiaParish                              LA est10_LA.txt 24OCT2011
22  31     5602     4656     6548 21.2 17.6 24.8     2027     1648     2406 30.9 25.1 36.7     1238      964     1512 26.0 20.3 31.7  37379  33994  40764                                        DeSotoParish                                LA est10_LA.txt 24OCT2011
22  33    74416    66462    82370 17.3 15.4 19.2    26872    23140    30604 26.3 22.6 30.0    18161    15452    20870 24.9 21.2 28.6  44911  42829  46993                                        EastBatonRougeParish                       LA est10_LA.txt 24OCT2011
22  35     2681     2057     3305 40.3 30.9 49.7     1047      788     1306 53.7 40.4 67.0      706      530      882 51.0 38.3 63.7  25442  23158  27726                                        EastCarrollParish                           LA est10_LA.txt 24OCT2011
22  37     3308     2546     4070 18.6 14.3 22.9     1063      808     1318 26.0 19.8 32.2      685      511      859 22.9 17.1 28.7  42347  39042  45652                                        EastFelicianaParish                         LA est10_LA.txt 24OCT2011
22  39     7458     5786     9130 22.9 17.8 28.0     2881     2186     3576 31.9 24.2 39.6     1932     1467     2397 29.8 22.6 37.0  31736  28822  34650                                        EvangelineParish                             LA est10_LA.txt 24OCT2011
22  41     5500     4531     6469 27.4 22.6 32.2     2269     1825     2713 43.3 34.8 51.8     1527     1219     1835 41.4 33.0 49.8  30105  27421  32789                                        FranklinParish                               LA est10_LA.txt 24OCT2011
22  43     3723     2865     4581 19.3 14.9 23.7     1232      926     1538 24.3 18.3 30.3      843      632     1054 23.2 17.4 29.0  38225  35116  41334                                        GrantParish                                  LA est10_LA.txt 24OCT2011
22  45    16576    13903    19249 23.0 19.3 26.7     6783     5670     7896 34.8 29.1 40.5     4178     3366     4990 29.7 23.9 35.5  40914  37536  44292                                        IberiaParish                                 LA est10_LA.txt 24OCT2011
22  47     6709     5418     8000 22.7 18.3 27.1     2181     1730     2632 29.4 23.3 35.5     1365     1033     1697 25.8 19.5 32.1  40140  37855  42425                                        IbervilleParish                              LA est10_LA.txt 24OCT2011
22  49     2957     2296     3618 19.4 15.1 23.7     1002      765     1239 27.3 20.8 33.8      683      521      845 26.4 20.1 32.7  36312  33016  39608                                        JacksonParish                                LA est10_LA.txt 24OCT2011
22  51    69426    62692    76160 16.2 14.6 17.8    24217    21418    27016 25.4 22.5 28.3    15296    13153    17439 22.6 19.4 25.8  46500  45308  47692                                        JeffersonParish                              LA est10_LA.txt 24OCT2011
22  53     6236     5094     7378 20.2 16.5 23.9     2199     1745     2653 26.7 21.2 32.2     1421     1115     1727 23.9 18.7 29.1  39246  35725  42767                                        JeffersonDavisParish                        LA est10_LA.txt 24OCT2011
22  55    38685    34370    43000 17.8 15.8 19.8    11993     9996    13990 22.4 18.7 26.1     7731     6310     9152 20.4 16.7 24.1  48295  45498  51092                                        LafayetteParish                              LA est10_LA.txt 24OCT2011
22  57    12585     9953    15217 13.3 10.5 16.1     4522     3420     5624 19.5 14.8 24.2     3070     2297     3843 18.6 13.9 23.3  48436  44791  52081                                        LafourcheParish                              LA est10_LA.txt 24OCT2011
22  59     2005     1477     2533 14.7 10.8 18.6      740      555      925 21.2 15.9 26.5      492      367      617 19.5 14.6 24.4  41563  37659  45467                                        LaSalleParish                               LA est10_LA.txt 24OCT2011
22  61    10153     8526    11780 24.2 20.3 28.1     3024     2476     3572 32.0 26.2 37.8     1909     1528     2290 29.0 23.2 34.8  36532  33147  39917                                        LincolnParish                                LA est10_LA.txt 24OCT2011
22  63    15903    13060    18746 12.5 10.3 14.7     5979     4783     7175 17.2 13.8 20.6     3824     2989     4659 15.2 11.9 18.5  53125  50676  55574                                        LivingstonParish                             LA est10_LA.txt 24OCT2011
22  65     3940     3039     4841 37.4 28.8 46.0     1495     1139     1851 50.2 38.3 62.1     1010      769     1251 46.5 35.4 57.6  25565  23163  27967                                        MadisonParish                                LA est10_LA.txt 24OCT2011
22  67     7416     5925     8907 27.4 21.9 32.9     2757     2118     3396 40.6 31.2 50.0     1823     1404     2242 37.3 28.7 45.9  29526  26757  32295                                        MorehouseParish                              LA est10_LA.txt 24OCT2011
22  69     9445     8253    10637 25.3 22.1 28.5     3181     2624     3738 33.8 27.9 39.7     2001     1575     2427 29.6 23.3 35.9  32055  30439  33671                                        NatchitochesParish                           LA est10_LA.txt 24OCT2011
22  71    90948    83233    98663 27.1 24.8 29.4    30031    26796    33266 41.2 36.8 45.6    19080    16570    21590 37.5 32.6 42.4  36525  34590  38460                                        OrleansParish                                LA est10_LA.txt 24OCT2011
22  73    30505    26344    34666 20.6 17.8 23.4    11198     9049    13347 28.3 22.9 33.7     7586     5933     9239 26.7 20.9 32.5  37728  35161  40295                                        OuachitaParish                               LA est10_LA.txt 24OCT2011
22  75     3434     2639     4229 15.1 11.6 18.6     1200      913     1487 19.2 14.6 23.8      778      587      969 16.7 12.6 20.8  49781  45340  54222                                        PlaqueminesParish                            LA est10_LA.txt 24OCT2011
22  77     3978     2976     4980 17.6 13.2 22.0     1504     1137     1871 27.8 21.0 34.6     1015      767     1263 25.2 19.0 31.4  41277  37652  44902                                        PointeCoupeeParish                          LA est10_LA.txt 24OCT2011
22  79    25048    21321    28775 19.6 16.7 22.5     9767     8084    11450 29.3 24.3 34.3     6311     5084     7538 26.0 20.9 31.1  39693  37318  42068                                        RapidesParish                                LA est10_LA.txt 24OCT2011
22  81     2062     1582     2542 23.3 17.9 28.7      747      566      928 33.0 25.0 41.0      494      369      619 30.9 23.1 38.7  32711  29689  35733                                        RedRiverParish                              LA est10_LA.txt 24OCT2011
22  83     5016     4002     6030 25.4 20.3 30.5     2082     1668     2496 40.0 32.1 47.9     1322     1023     1621 35.2 27.2 43.2  32646  29731  35561                                        RichlandParish                               LA est10_LA.txt 24OCT2011
22  85     5195     4370     6020 21.9 18.4 25.4     1987     1666     2308 34.3 28.8 39.8     1300     1080     1520 31.0 25.7 36.3  36604  33349  39859                                        SabineParish                                 LA est10_LA.txt 24OCT2011
22  87     6491     4829     8153 17.8 13.2 22.4     2653     1982     3324 28.8 21.5 36.1     1816     1358     2274 28.7 21.5 35.9  38700  35387  42013                                        St.BernardParish                            LA est10_LA.txt 24OCT2011
22  89     6604     5334     7874 12.7 10.3 15.1     2546     2028     3064 18.2 14.5 21.9     1675     1321     2029 16.2 12.8 19.6  54553  50388  58718                                        St.CharlesParish                            LA est10_LA.txt 24OCT2011
22  91     2635     2089     3181 23.9 19.0 28.8     1053      812     1294 38.9 30.0 47.8      705      541      869 37.4 28.7 46.1  32936  29917  35955                                        St.HelenaParish                             LA est10_LA.txt 24OCT2011
22  93     3542     2742     4342 16.3 12.6 20.0     1317     1015     1619 23.6 18.2 29.0      887      682     1092 21.7 16.7 26.7  45829  41517  50141                                        St.JamesParish                              LA est10_LA.txt 24OCT2011
22  95     8397     6884     9910 18.6 15.3 21.9     3530     2849     4211 29.0 23.4 34.6     2446     2004     2888 27.6 22.6 32.6  45987  42143  49831                                        St.JohntheBaptistParish                   LA est10_LA.txt 24OCT2011
22  97    21695    19005    24385 26.4 23.1 29.7     8118     6839     9397 36.4 30.7 42.1     5091     4136     6046 31.7 25.7 37.7  33466  31097  35835                                        St.LandryParish                             LA est10_LA.txt 24OCT2011
22  99    11211     9484    12938 21.8 18.4 25.2     4568     3895     5241 33.8 28.8 38.8     3336     2881     3791 34.2 29.5 38.9  39444  36210  42678                                        St.MartinParish                             LA est10_LA.txt 24OCT2011
22 101    11056     9119    12993 20.6 17.0 24.2     4399     3538     5260 32.2 25.9 38.5     2902     2299     3505 29.3 23.2 35.4  40193  37936  42450                                        St.MaryParish                               LA est10_LA.txt 24OCT2011
22 103    21440    17169    25711  9.2  7.4 11.0     8196     6250    10142 13.8 10.5 17.1     5221     3836     6606 11.8  8.7 14.9  59389  57031  61747                                        St.TammanyParish                            LA est10_LA.txt 24OCT2011
22 105    25599    21712    29486 21.7 18.4 25.0     9038     7463    10613 30.1 24.8 35.4     5872     4770     6974 27.6 22.4 32.8  37454  34788  40120                                        TangipahoaParish                             LA est10_LA.txt 24OCT2011
22 107     1736     1355     2117 33.3 26.0 40.6      647      495      799 49.5 37.9 61.1      438      334      542 46.4 35.4 57.4  26976  24432  29520                                        TensasParish                                 LA est10_LA.txt 24OCT2011
22 109    20192    17143    23241 18.3 15.5 21.1     7525     6188     8862 26.4 21.7 31.1     4728     3763     5693 23.1 18.4 27.8  47847  44070  51624                                        TerrebonneParish                             LA est10_LA.txt 24OCT2011
22 111     4677     3725     5629 21.0 16.7 25.3     1772     1398     2146 34.4 27.1 41.7     1172      915     1429 31.6 24.6 38.6  36863  33707  40019                                        UnionParish                                  LA est10_LA.txt 24OCT2011
22 113    10034     7970    12098 17.5 13.9 21.1     3892     3049     4735 25.6 20.1 31.1     2614     2014     3214 23.9 18.4 29.4  43498  40712  46284                                        VermilionParish                              LA est10_LA.txt 24OCT2011
22 115     6790     5402     8178 13.5 10.7 16.3     3068     2413     3723 21.3 16.7 25.9     2001     1547     2455 20.9 16.2 25.6  43752  40799  46705                                        VernonParish                                 LA est10_LA.txt 24OCT2011
22 117    12166    10232    14100 26.8 22.5 31.1     4308     3461     5155 37.1 29.8 44.4     2749     2145     3353 32.6 25.4 39.8  30950  28841  33059                                        WashingtonParish                             LA est10_LA.txt 24OCT2011
22 119     9029     7590    10468 22.6 19.0 26.2     3074     2464     3684 32.3 25.9 38.7     2049     1612     2486 29.7 23.4 36.0  35861  32884  38838                                        WebsterParish                                LA est10_LA.txt 24OCT2011
22 121     3506     2711     4301 15.0 11.6 18.4     1283      977     1589 21.8 16.6 27.0      857      645     1069 20.3 15.3 25.3  46783  42561  51005                                        WestBatonRougeParish                       LA est10_LA.txt 24OCT2011
22 123     2505     1971     3039 22.6 17.8 27.4      911      697     1125 32.6 24.9 40.3      606      459      753 29.9 22.6 37.2  32143  29558  34728                                        WestCarrollParish                           LA est10_LA.txt 24OCT2011
22 125     2155     1655     2655 20.9 16.0 25.8      515      399      631 19.2 14.9 23.5      341      263      419 16.6 12.8 20.4  48917  44425  53409                                        WestFelicianaParish                         LA est10_LA.txt 24OCT2011
22 127     3244     2516     3972 23.9 18.5 29.3     1119      856     1382 33.0 25.2 40.8      704      526      882 29.1 21.7 36.5  33447  30383  36511                                        WinnParish                                   LA est10_LA.txt 24OCT2011
