22   0   900395   884176   916614 20.1 19.7 20.5   315185   305973   324397 28.6 27.8 29.4   214695   206688   222702 27.2 26.2 28.2  42998  42346  43650   97087   92654  101520 31.5 30.1 32.9 Louisiana                                     LA est12_LA.txt 15NOV2013
22   1    12596    10554    14638 20.7 17.3 24.1     4625     3676     5574 28.2 22.4 34.0     3236     2569     3903 27.3 21.7 32.9  36923  34054  39792                                        AcadiaParish                                 LA est12_LA.txt 15NOV2013
22   3     4682     3694     5670 22.0 17.4 26.6     1535     1208     1862 27.2 21.4 33.0     1052      819     1285 25.9 20.2 31.6  36082  32650  39514                                        AllenParish                                  LA est12_LA.txt 15NOV2013
22   5    13439    11111    15767 12.1 10.0 14.2     5001     3997     6005 16.1 12.9 19.3     3396     2643     4149 14.9 11.6 18.2  65271  61610  68932                                        AscensionParish                              LA est12_LA.txt 15NOV2013
22   7     4847     3992     5702 21.3 17.5 25.1     1515     1203     1827 28.4 22.5 34.3     1026      804     1248 25.4 19.9 30.9  41472  37497  45447                                        AssumptionParish                             LA est12_LA.txt 15NOV2013
22   9     9568     7685    11451 25.0 20.1 29.9     3460     2744     4176 35.1 27.8 42.4     2340     1826     2854 33.1 25.8 40.4  32582  29842  35322                                        AvoyellesParish                              LA est12_LA.txt 15NOV2013
22  11     6472     5518     7426 18.6 15.9 21.3     2231     1816     2646 24.5 20.0 29.0     1479     1174     1784 22.2 17.6 26.8  44303  40559  48047                                        BeauregardParish                             LA est12_LA.txt 15NOV2013
22  13     3516     2932     4100 25.7 21.4 30.0     1185      953     1417 37.3 30.0 44.6      800      636      964 33.1 26.3 39.9  31732  29051  34413                                        BienvilleParish                              LA est12_LA.txt 15NOV2013
22  15    15905    13617    18193 13.3 11.4 15.2     6301     5245     7357 20.8 17.3 24.3     4169     3358     4980 19.4 15.6 23.2  52725  49367  56083                                        BossierParish                                LA est12_LA.txt 15NOV2013
22  17    51271    45083    57459 20.4 17.9 22.9    18937    16040    21834 30.5 25.8 35.2    12900    10675    15125 29.5 24.4 34.6  40455  38574  42336                                        CaddoParish                                  LA est12_LA.txt 15NOV2013
22  19    33065    28426    37704 17.4 15.0 19.8    12112    10072    14152 25.4 21.1 29.7     7985     6526     9444 23.3 19.0 27.6  44307  41953  46661                                        CalcasieuParish                              LA est12_LA.txt 15NOV2013
22  21     2231     1807     2655 23.7 19.2 28.2      767      612      922 33.9 27.0 40.8      527      419      635 32.2 25.6 38.8  34845  31460  38230                                        CaldwellParish                               LA est12_LA.txt 15NOV2013
22  23      870      679     1061 13.0 10.1 15.9      303      235      371 19.0 14.7 23.3      209      160      258 17.4 13.3 21.5  50016  45842  54190                                        CameronParish                                LA est12_LA.txt 15NOV2013
22  25     2418     1912     2924 25.7 20.3 31.1      783      608      958 33.8 26.2 41.4      527      405      649 31.6 24.3 38.9  31389  28340  34438                                        CatahoulaParish                              LA est12_LA.txt 15NOV2013
22  27     4807     4037     5577 34.7 29.1 40.3     1349     1126     1572 43.7 36.5 50.9      914      755     1073 40.8 33.7 47.9  32678  30033  35323                                        ClaiborneParish                              LA est12_LA.txt 15NOV2013
22  29     5546     4528     6564 29.4 24.0 34.8     1959     1565     2353 39.7 31.7 47.7     1351     1069     1633 37.4 29.6 45.2  29778  26989  32567                                        ConcordiaParish                              LA est12_LA.txt 15NOV2013
22  31     5974     5115     6833 22.4 19.2 25.6     1993     1626     2360 30.7 25.0 36.4     1337     1077     1597 28.0 22.6 33.4  38085  34872  41298                                        DeSotoParish                                LA est12_LA.txt 15NOV2013
22  33    88887    81579    96195 20.5 18.8 22.2    29401    26217    32585 29.2 26.0 32.4    20584    18311    22857 28.8 25.6 32.0  47389  45765  49013                                        EastBatonRougeParish                       LA est12_LA.txt 15NOV2013
22  35     2953     2415     3491 45.8 37.5 54.1     1003      788     1218 54.5 42.8 66.2      700      549      851 52.4 41.1 63.7  24688  22268  27108                                        EastCarrollParish                           LA est12_LA.txt 15NOV2013
22  37     3668     2888     4448 20.8 16.4 25.2     1152      898     1406 28.8 22.5 35.1      778      599      957 27.0 20.8 33.2  42571  39121  46021                                        EastFelicianaParish                         LA est12_LA.txt 15NOV2013
22  39     8418     6862     9974 26.1 21.3 30.9     3090     2536     3644 34.8 28.6 41.0     2184     1799     2569 34.2 28.2 40.2  31128  28138  34118                                        EvangelineParish                             LA est12_LA.txt 15NOV2013
22  41     6278     5425     7131 31.6 27.3 35.9     2565     2195     2935 49.1 42.0 56.2     1810     1545     2075 48.5 41.4 55.6  28215  25691  30739                                        FranklinParish                               LA est12_LA.txt 15NOV2013
22  43     4061     3249     4873 21.3 17.0 25.6     1295     1014     1576 26.8 21.0 32.6      866      665     1067 24.9 19.1 30.7  37893  34555  41231                                        GrantParish                                  LA est12_LA.txt 15NOV2013
22  45    15531    13114    17948 21.3 18.0 24.6     6132     5063     7201 31.3 25.8 36.8     4189     3447     4931 29.8 24.5 35.1  42555  39953  45157                                        IberiaParish                                 LA est12_LA.txt 15NOV2013
22  47     6261     4961     7561 21.3 16.9 25.7     2208     1720     2696 30.6 23.8 37.4     1506     1153     1859 28.9 22.1 35.7  39405  36108  42702                                        IbervilleParish                              LA est12_LA.txt 15NOV2013
22  49     3323     2722     3924 21.9 17.9 25.9     1090      874     1306 29.8 23.9 35.7      721      563      879 27.2 21.2 33.2  36882  33576  40188                                        JacksonParish                                LA est12_LA.txt 15NOV2013
22  51    69872    62795    76949 16.3 14.7 17.9    23321    20065    26577 24.6 21.2 28.0    16534    14240    18828 24.6 21.2 28.0  45515  43755  47275                                        JeffersonParish                              LA est12_LA.txt 15NOV2013
22  53     6203     5193     7213 20.2 16.9 23.5     2141     1713     2569 26.4 21.1 31.7     1436     1137     1735 24.6 19.5 29.7  37814  34501  41127                                        JeffersonDavisParish                        LA est12_LA.txt 15NOV2013
22  55    38846    34916    42776 17.5 15.7 19.3    13732    12153    15311 25.4 22.5 28.3     8443     7203     9683 22.1 18.9 25.3  48382  45275  51489                                        LafayetteParish                              LA est12_LA.txt 15NOV2013
22  57    14248    11740    16756 15.0 12.4 17.6     5128     4134     6122 22.4 18.1 26.7     3622     2917     4327 22.1 17.8 26.4  49464  46027  52901                                        LafourcheParish                              LA est12_LA.txt 15NOV2013
22  59     2286     1786     2786 16.7 13.0 20.4      717      554      880 21.1 16.3 25.9      482      367      597 19.9 15.2 24.6  42128  38776  45480                                        LaSalleParish                               LA est12_LA.txt 15NOV2013
22  61    11618    10040    13196 27.6 23.9 31.3     2876     2440     3312 31.3 26.5 36.1     1807     1460     2154 28.5 23.0 34.0  36147  33064  39230                                        LincolnParish                                LA est12_LA.txt 15NOV2013
22  63    19857    16969    22745 15.2 13.0 17.4     6927     5740     8114 19.9 16.5 23.3     4758     3902     5614 18.7 15.3 22.1  52865  49211  56519                                        LivingstonParish                             LA est12_LA.txt 15NOV2013
22  65     4736     3967     5505 44.8 37.5 52.1     1716     1405     2027 58.5 47.9 69.1     1153      934     1372 54.9 44.5 65.3  23837  21526  26148                                        MadisonParish                                LA est12_LA.txt 15NOV2013
22  67     8301     7145     9457 31.1 26.8 35.4     3101     2583     3619 46.3 38.6 54.0     2002     1601     2403 42.3 33.8 50.8  28804  26153  31455                                        MorehouseParish                              LA est12_LA.txt 15NOV2013
22  69     9200     7584    10816 24.7 20.4 29.0     2902     2277     3527 31.7 24.9 38.5     1932     1476     2388 29.2 22.3 36.1  33715  31187  36243                                        NatchitochesParish                           LA est12_LA.txt 15NOV2013
22  71   102770    96522   109018 28.8 27.1 30.5    32117    29309    34925 41.1 37.5 44.7    22083    20007    24159 41.0 37.1 44.9  33948  32435  35461                                        OrleansParish                                LA est12_LA.txt 15NOV2013
22  73    35398    31159    39637 23.6 20.8 26.4    14104    12090    16118 35.6 30.5 40.7     9786     8285    11287 34.4 29.1 39.7  36895  34688  39102                                        OuachitaParish                               LA est12_LA.txt 15NOV2013
22  75     3488     2826     4150 14.8 12.0 17.6     1218      959     1477 19.1 15.0 23.2      832      652     1012 17.8 13.9 21.7  49964  47008  52920                                        PlaqueminesParish                            LA est12_LA.txt 15NOV2013
22  77     4698     3850     5546 20.8 17.0 24.6     1619     1277     1961 30.3 23.9 36.7     1076      833     1319 27.2 21.0 33.4  41386  37847  44925                                        PointeCoupeeParish                          LA est12_LA.txt 15NOV2013
22  79    28235    24809    31661 22.0 19.3 24.7    10842     9313    12371 32.5 27.9 37.1     7321     6152     8490 30.4 25.6 35.2  41036  39739  42333                                        RapidesParish                                LA est12_LA.txt 15NOV2013
22  81     2030     1621     2439 23.1 18.4 27.8      721      560      882 32.6 25.3 39.9      480      367      593 30.4 23.3 37.5  33011  29762  36260                                        RedRiverParish                              LA est12_LA.txt 15NOV2013
22  83     4946     3929     5963 24.8 19.7 29.9     1981     1557     2405 37.6 29.6 45.6     1345     1033     1657 35.2 27.0 43.4  33398  30598  36198                                        RichlandParish                               LA est12_LA.txt 15NOV2013
22  85     5043     4270     5816 21.2 18.0 24.4     1800     1506     2094 30.9 25.8 36.0     1169      956     1382 27.8 22.7 32.9  37440  34058  40822                                        SabineParish                                 LA est12_LA.txt 15NOV2013
22  87     9164     7794    10534 22.2 18.9 25.5     3734     3116     4352 34.7 29.0 40.4     2496     2028     2964 34.1 27.7 40.5  40900  38083  43717                                        St.BernardParish                            LA est12_LA.txt 15NOV2013
22  89     6667     5422     7912 12.8 10.4 15.2     2514     1985     3043 18.6 14.7 22.5     1669     1300     2038 16.5 12.9 20.1  55684  51889  59479                                        St.CharlesParish                            LA est12_LA.txt 15NOV2013
22  91     2579     2064     3094 23.7 19.0 28.4     1007      778     1236 38.7 29.9 47.5      680      513      847 36.3 27.4 45.2  33879  30549  37209                                        St.HelenaParish                             LA est12_LA.txt 15NOV2013
22  93     3736     2998     4474 17.4 14.0 20.8     1325     1050     1600 24.9 19.7 30.1      902      706     1098 23.3 18.2 28.4  46626  42526  50726                                        St.JamesParish                              LA est12_LA.txt 15NOV2013
22  95     8656     7221    10091 19.6 16.4 22.8     3318     2640     3996 28.9 23.0 34.8     2287     1803     2771 27.2 21.4 33.0  47312  43525  51099                                        St.JohntheBaptistParish                   LA est12_LA.txt 15NOV2013
22  97    21026    18528    23524 25.5 22.5 28.5     8260     7050     9470 36.6 31.2 42.0     5391     4473     6309 33.8 28.0 39.6  34299  31623  36975                                        St.LandryParish                             LA est12_LA.txt 15NOV2013
22  99    10062     8266    11858 19.4 15.9 22.9     3811     3038     4584 28.7 22.9 34.5     2581     2031     3131 26.9 21.2 32.6  41875  38348  45402                                        St.MartinParish                             LA est12_LA.txt 15NOV2013
22 101    12025    10480    13570 22.8 19.9 25.7     4276     3628     4924 32.4 27.5 37.3     2883     2391     3375 30.3 25.1 35.5  37720  34389  41051                                        St.MaryParish                               LA est12_LA.txt 15NOV2013
22 103    31239    26683    35795 13.1 11.2 15.0    10700     8833    12567 18.1 14.9 21.3     7533     6259     8807 16.9 14.0 19.8  58383  54434  62332                                        St.TammanyParish                            LA est12_LA.txt 15NOV2013
22 105    29193    25275    33111 24.4 21.1 27.7     9651     8027    11275 31.8 26.4 37.2     6624     5378     7870 30.8 25.0 36.6  36573  33634  39512                                        TangipahoaParish                             LA est12_LA.txt 15NOV2013
22 107     1508     1187     1829 30.6 24.1 37.1      566      438      694 47.2 36.5 57.9      391      300      482 43.3 33.2 53.4  26909  24365  29453                                        TensasParish                                 LA est12_LA.txt 15NOV2013
22 109    20311    17249    23373 18.5 15.7 21.3     6917     5620     8214 24.6 20.0 29.2     4690     3742     5638 23.4 18.7 28.1  48472  45202  51742                                        TerrebonneParish                             LA est12_LA.txt 15NOV2013
22 111     5975     5276     6674 27.2 24.0 30.4     2121     1844     2398 42.2 36.7 47.7     1390     1189     1591 38.2 32.7 43.7  35066  31733  38399                                        UnionParish                                  LA est12_LA.txt 15NOV2013
22 113    10080     8067    12093 17.4 13.9 20.9     3830     3001     4659 25.1 19.7 30.5     2580     1981     3179 23.3 17.9 28.7  45419  42694  48144                                        VermilionParish                              LA est12_LA.txt 15NOV2013
22 115     7311     5696     8926 14.2 11.1 17.3     3206     2458     3954 22.4 17.2 27.6     2207     1671     2743 23.0 17.4 28.6  43803  41103  46503                                        VernonParish                                 LA est12_LA.txt 15NOV2013
22 117    11719     9591    13847 26.1 21.4 30.8     4055     3180     4930 35.8 28.1 43.5     2784     2161     3407 33.6 26.1 41.1  30986  28372  33600                                        WashingtonParish                             LA est12_LA.txt 15NOV2013
22 119     8428     7042     9814 21.2 17.7 24.7     2935     2329     3541 31.2 24.8 37.6     2042     1610     2474 30.1 23.7 36.5  36000  33176  38824                                        WebsterParish                                LA est12_LA.txt 15NOV2013
22 121     4042     3358     4726 17.2 14.3 20.1     1459     1183     1735 24.9 20.2 29.6     1008      808     1208 24.2 19.4 29.0  47301  42996  51606                                        WestBatonRougeParish                       LA est12_LA.txt 15NOV2013
22 123     2526     2029     3023 22.9 18.4 27.4      930      737     1123 33.9 26.9 40.9      628      489      767 31.5 24.5 38.5  32666  29674  35658                                        WestCarrollParish                           LA est12_LA.txt 15NOV2013
22 125     2668     2127     3209 26.4 21.0 31.8      567      455      679 22.4 18.0 26.8      360      281      439 18.8 14.7 22.9  50802  45808  55796                                        WestFelicianaParish                         LA est12_LA.txt 15NOV2013
22 127     3121     2456     3786 23.5 18.5 28.5     1053      818     1288 32.1 24.9 39.3      722      554      890 29.8 22.9 36.7  35705  32576  38834                                        WinnParish                                   LA est12_LA.txt 15NOV2013
