22   0   893827   875670   911984 19.6 19.2 20.0   303024   293085   312963 27.7 26.8 28.6   203606   194890   212322 26.0 24.9 27.1  46283  45663  46903   95740   91062  100418 31.3 29.8 32.8 Louisiana                                     LA est17-la.txt 06NOV2018
22   1    14206    12039    16373 23.1 19.6 26.6     5530     4641     6419 34.3 28.8 39.8     4202     3563     4841 36.1 30.6 41.6  39252  35729  42775                                        AcadiaParish                                 LA est17-la.txt 06NOV2018
22   3     4444     3488     5400 20.8 16.3 25.3     1349     1003     1695 24.1 17.9 30.3      920      661     1179 22.6 16.2 29.0  42846  38634  47058                                        AllenParish                                  LA est17-la.txt 06NOV2018
22   5    15316    13141    17491 12.6 10.8 14.4     4790     3841     5739 14.6 11.7 17.5     3238     2532     3944 13.4 10.5 16.3  72154  67125  77183                                        AscensionParish                              LA est17-la.txt 06NOV2018
22   7     4212     3326     5098 18.9 14.9 22.9     1340     1015     1665 27.4 20.8 34.0      956      708     1204 26.4 19.6 33.2  45774  41003  50545                                        AssumptionParish                             LA est17-la.txt 06NOV2018
22   9     9243     7371    11115 24.6 19.6 29.6     3185     2476     3894 33.0 25.7 40.3     2088     1522     2654 30.1 21.9 38.3  36177  32867  39487                                        AvoyellesParish                              LA est17-la.txt 06NOV2018
22  11     5170     4197     6143 14.6 11.9 17.3     1604     1182     2026 17.9 13.2 22.6     1084      780     1388 16.9 12.1 21.7  51422  46007  56837                                        BeauregardParish                             LA est17-la.txt 06NOV2018
22  13     3369     2704     4034 25.4 20.4 30.4     1124      875     1373 36.8 28.7 44.9      783      595      971 34.9 26.5 43.3  30483  27378  33588                                        BienvilleParish                              LA est17-la.txt 06NOV2018
22  15    20997    18362    23632 16.8 14.7 18.9     7514     6264     8764 23.9 19.9 27.9     4877     3901     5853 21.7 17.4 26.0  52158  47969  56347                                        BossierParish                                LA est17-la.txt 06NOV2018
22  17    62114    56012    68216 25.8 23.3 28.3    22769    19923    25615 39.1 34.2 44.0    15137    13066    17208 36.5 31.5 41.5  37636  35303  39969                                        CaddoParish                                  LA est17-la.txt 06NOV2018
22  19    28177    23434    32920 14.2 11.8 16.6    10313     8078    12548 20.8 16.3 25.3     6681     5042     8320 18.8 14.2 23.4  52407  49754  55060                                        CalcasieuParish                              LA est17-la.txt 06NOV2018
22  21     2190     1741     2639 23.4 18.6 28.2      731      550      912 32.1 24.2 40.0      496      363      629 29.5 21.6 37.4  39863  35712  44014                                        CaldwellParish                               LA est17-la.txt 06NOV2018
22  23      909      700     1118 13.2 10.2 16.2      260      191      329 16.9 12.4 21.4      191      137      245 16.2 11.6 20.8  56025  49825  62225                                        CameronParish                                LA est17-la.txt 06NOV2018
22  25     2504     1938     3070 27.8 21.5 34.1      829      623     1035 39.0 29.3 48.7      559      407      711 36.3 26.4 46.2  32380  29274  35486                                        CatahoulaParish                              LA est17-la.txt 06NOV2018
22  27     5145     4364     5926 39.5 33.5 45.5     1350     1099     1601 47.6 38.8 56.4      872      676     1068 42.5 33.0 52.0  34109  30428  37790                                        ClaiborneParish                              LA est17-la.txt 06NOV2018
22  29     5086     3974     6198 27.7 21.6 33.8     1827     1377     2277 38.6 29.1 48.1     1268      935     1601 36.4 26.8 46.0  33873  30225  37521                                        ConcordiaParish                              LA est17-la.txt 06NOV2018
22  31     6162     5267     7057 22.8 19.5 26.1     2365     2038     2692 36.3 31.3 41.3     1545     1263     1827 32.1 26.2 38.0  40839  36783  44895                                        DeSotoParish                                LA est17-la.txt 06NOV2018
22  33    82191    73415    90967 18.9 16.9 20.9    26266    22300    30232 26.3 22.3 30.3    17309    14330    20288 24.5 20.3 28.7  54494  51840  57148                                        EastBatonRougeParish                       LA est17-la.txt 06NOV2018
22  35     2820     2226     3414 46.7 36.9 56.5     1074      823     1325 62.3 47.7 76.9      726      539      913 60.1 44.6 75.6  26431  23450  29412                                        EastCarrollParish                           LA est17-la.txt 06NOV2018
22  37     3501     2685     4317 20.6 15.8 25.4      937      701     1173 26.8 20.0 33.6      643      465      821 25.5 18.5 32.5  45839  41253  50425                                        EastFelicianaParish                         LA est17-la.txt 06NOV2018
22  39     7609     6164     9054 23.6 19.1 28.1     2721     2092     3350 32.2 24.8 39.6     1922     1468     2376 31.7 24.2 39.2  33942  30596  37288                                        EvangelineParish                             LA est17-la.txt 06NOV2018
22  41     5464     4457     6471 27.9 22.8 33.0     2086     1592     2580 40.7 31.1 50.3     1429     1066     1792 38.1 28.4 47.8  32485  29112  35858                                        FranklinParish                               LA est17-la.txt 06NOV2018
22  43     4067     3227     4907 21.0 16.7 25.3     1212      919     1505 26.0 19.7 32.3      823      607     1039 24.3 17.9 30.7  44298  39478  49118                                        GrantParish                                  LA est17-la.txt 06NOV2018
22  45    16887    14189    19585 23.8 20.0 27.6     6424     5167     7681 34.5 27.8 41.2     4347     3399     5295 32.8 25.6 40.0  40964  37263  44665                                        IberiaParish                                 LA est17-la.txt 06NOV2018
22  47     6689     5245     8133 22.9 18.0 27.8     2127     1643     2611 31.0 23.9 38.1     1442     1054     1830 29.3 21.4 37.2  44410  40029  48791                                        IbervilleParish                              LA est17-la.txt 06NOV2018
22  49     3635     3065     4205 24.6 20.7 28.5     1416     1204     1628 41.4 35.2 47.6      928      761     1095 36.3 29.8 42.8  38893  35011  42775                                        JacksonParish                                LA est17-la.txt 06NOV2018
22  51    74274    67545    81003 17.1 15.6 18.6    25817    22870    28764 27.2 24.1 30.3    16985    14714    19256 25.5 22.1 28.9  51461  49846  53076                                        JeffersonParish                              LA est17-la.txt 06NOV2018
22  53     5952     4970     6934 19.3 16.1 22.5     1951     1502     2400 24.4 18.8 30.0     1342      991     1693 23.3 17.2 29.4  43317  38870  47764                                        JeffersonDavisParish                        LA est17-la.txt 06NOV2018
22  55    41306    36034    46578 17.4 15.2 19.6    12841    10519    15163 22.6 18.5 26.7     8945     7263    10627 22.4 18.2 26.6  52827  49067  56587                                        LafayetteParish                              LA est17-la.txt 06NOV2018
22  57    15279    12732    17826 15.8 13.2 18.4     4988     3971     6005 21.9 17.4 26.4     3499     2734     4264 21.4 16.7 26.1  53081  48802  57360                                        LafourcheParish                              LA est17-la.txt 06NOV2018
22  59     2519     1956     3082 18.4 14.3 22.5      799      596     1002 23.4 17.5 29.3      539      389      689 21.8 15.7 27.9  44125  39533  48717                                        LaSalleParish                               LA est17-la.txt 06NOV2018
22  61    11963    10473    13453 27.9 24.4 31.4     2677     2093     3261 28.3 22.1 34.5     1712     1258     2166 25.6 18.8 32.4  39941  35908  43974                                        LincolnParish                                LA est17-la.txt 06NOV2018
22  63    15669    12604    18734 11.4  9.2 13.6     5173     3945     6401 14.7 11.2 18.2     3677     2769     4585 14.3 10.8 17.8  61297  56879  65715                                        LivingstonParish                             LA est17-la.txt 06NOV2018
22  65     3788     2920     4656 38.9 30.0 47.8     1400     1053     1747 52.2 39.3 65.1      964      707     1221 50.4 37.0 63.8  29507  26772  32242                                        MadisonParish                                LA est17-la.txt 06NOV2018
22  67     6937     5577     8297 28.0 22.5 33.5     2472     1845     3099 40.3 30.1 50.5     1753     1277     2229 39.4 28.7 50.1  32988  29781  36195                                        MorehouseParish                              LA est17-la.txt 06NOV2018
22  69    11137     9817    12457 30.3 26.7 33.9     3288     2707     3869 36.5 30.1 42.9     2297     1880     2714 35.2 28.8 41.6  33439  29768  37110                                        NatchitochesParish                           LA est17-la.txt 06NOV2018
22  71    99613    91898   107328 26.1 24.1 28.1    30363    26798    33928 38.9 34.3 43.5    20495    17793    23197 37.4 32.5 42.3  37407  35524  39290                                        OrleansParish                                LA est17-la.txt 06NOV2018
22  73    37173    33317    41029 24.7 22.1 27.3    14362    12602    16122 37.6 33.0 42.2     8989     7595    10383 32.7 27.6 37.8  41301  38397  44205                                        OuachitaParish                               LA est17-la.txt 06NOV2018
22  75     3741     2953     4529 16.2 12.8 19.6     1132      851     1413 19.0 14.3 23.7      766      559      973 17.4 12.7 22.1  56199  50275  62123                                        PlaqueminesParish                            LA est17-la.txt 06NOV2018
22  77     4167     3281     5053 18.8 14.8 22.8     1371     1021     1721 27.6 20.6 34.6      951      689     1213 26.6 19.3 33.9  45675  40751  50599                                        PointeCoupeeParish                          LA est17-la.txt 06NOV2018
22  79    25427    21826    29028 19.9 17.1 22.7     8370     6637    10103 26.0 20.6 31.4     5701     4462     6940 24.4 19.1 29.7  42238  39543  44933                                        RapidesParish                                LA est17-la.txt 06NOV2018
22  81     1944     1463     2425 23.3 17.5 29.1      690      511      869 34.8 25.8 43.8      471      338      604 33.0 23.7 42.3  35662  31822  39502                                        RedRiverParish                              LA est17-la.txt 06NOV2018
22  83     5407     4505     6309 27.8 23.2 32.4     2142     1787     2497 44.4 37.0 51.8     1398     1123     1673 39.9 32.0 47.8  36432  32522  40342                                        RichlandParish                               LA est17-la.txt 06NOV2018
22  85     5219     4358     6080 22.2 18.5 25.9     1602     1218     1986 28.7 21.8 35.6     1102      817     1387 26.4 19.6 33.2  40021  36030  44012                                        SabineParish                                 LA est17-la.txt 06NOV2018
22  87     9166     7589    10743 20.0 16.6 23.4     3490     2728     4252 28.7 22.4 35.0     2261     1696     2826 25.7 19.3 32.1  44553  40715  48391                                        St.BernardParish                            LA est17-la.txt 06NOV2018
22  89     5953     4694     7212 11.4  9.0 13.8     2139     1618     2660 16.7 12.6 20.8     1487     1101     1873 15.7 11.6 19.8  65335  60836  69834                                        St.CharlesParish                            LA est17-la.txt 06NOV2018
22  91     2373     1867     2879 23.2 18.2 28.2      798      594     1002 36.6 27.2 46.0      577      411      743 36.6 26.1 47.1  36723  32628  40818                                        St.HelenaParish                             LA est17-la.txt 06NOV2018
22  93     3532     2749     4315 16.7 13.0 20.4     1159      870     1448 23.9 17.9 29.9      810      591     1029 22.6 16.5 28.7  53045  47717  58373                                        St.JamesParish                              LA est17-la.txt 06NOV2018
22  95     7777     6180     9374 18.1 14.4 21.8     2934     2228     3640 27.5 20.9 34.1     1958     1413     2503 24.7 17.8 31.6  55941  52133  59749                                        St.JohntheBaptistParish                   LA est17-la.txt 06NOV2018
22  97    21032    18115    23949 25.6 22.1 29.1     8003     6597     9409 35.7 29.4 42.0     5072     3855     6289 31.6 24.0 39.2  35693  32650  38736                                        St.LandryParish                             LA est17-la.txt 06NOV2018
22  99    10246     8429    12063 19.2 15.8 22.6     3869     3072     4666 29.3 23.3 35.3     2634     2006     3262 27.7 21.1 34.3  44574  40941  48207                                        St.MartinParish                             LA est17-la.txt 06NOV2018
22 101    10249     8205    12293 20.5 16.4 24.6     3695     2801     4589 30.4 23.1 37.7     2658     1982     3334 31.1 23.2 39.0  38413  34751  42075                                        St.MaryParish                               LA est17-la.txt 06NOV2018
22 103    28338    24369    32307 11.1  9.5 12.7     9132     7400    10864 15.0 12.2 17.8     6255     4920     7590 13.7 10.8 16.6  67926  64298  71554                                        St.TammanyParish                            LA est17-la.txt 06NOV2018
22 105    26919    22656    31182 20.9 17.6 24.2     9979     8127    11831 31.0 25.2 36.8     6767     5436     8098 30.1 24.2 36.0  44256  40819  47693                                        TangipahoaParish                             LA est17-la.txt 06NOV2018
22 107     1603     1266     1940 34.9 27.6 42.2      606      469      743 55.1 42.7 67.5      413      312      514 51.1 38.6 63.6  27959  24939  30979                                        TensasParish                                 LA est17-la.txt 06NOV2018
22 109    21712    18676    24748 19.7 16.9 22.5     6949     5480     8418 24.7 19.5 29.9     4770     3551     5989 23.6 17.6 29.6  47971  43327  52615                                        TerrebonneParish                             LA est17-la.txt 06NOV2018
22 111     3623     2766     4480 16.4 12.5 20.3     1438     1054     1822 28.9 21.2 36.6      974      687     1261 27.1 19.1 35.1  40395  36483  44307                                        UnionParish                                  LA est17-la.txt 06NOV2018
22 113    10118     8071    12165 17.0 13.6 20.4     3629     2745     4513 23.6 17.8 29.4     2360     1692     3028 20.9 15.0 26.8  50562  47414  53710                                        VermilionParish                              LA est17-la.txt 06NOV2018
22 115     8662     7477     9847 18.3 15.8 20.8     2934     2390     3478 23.8 19.4 28.2     1915     1499     2331 23.4 18.3 28.5  45711  41738  49684                                        VernonParish                                 LA est17-la.txt 06NOV2018
22 117    10371     8134    12608 23.1 18.1 28.1     3674     2734     4614 33.1 24.6 41.6     2481     1784     3178 30.9 22.2 39.6  37792  35167  40417                                        WashingtonParish                             LA est17-la.txt 06NOV2018
22 119     7727     6368     9086 20.3 16.7 23.9     2583     1992     3174 29.1 22.4 35.8     1741     1243     2239 27.4 19.6 35.2  32522  30345  34699                                        WebsterParish                                LA est17-la.txt 06NOV2018
22 121     3471     2614     4328 13.5 10.2 16.8     1235      906     1564 19.5 14.3 24.7      869      622     1116 19.5 14.0 25.0  64921  60409  69433                                        WestBatonRougeParish                       LA est17-la.txt 06NOV2018
22 123     2234     1731     2737 21.2 16.4 26.0      760      562      958 30.4 22.5 38.3      541      388      694 28.9 20.7 37.1  37759  33869  41649                                        WestCarrollParish                           LA est17-la.txt 06NOV2018
22 125     2113     1584     2642 21.0 15.7 26.3      501      373      629 20.2 15.0 25.4      342      245      439 18.3 13.1 23.5  56584  50857  62311                                        WestFelicianaParish                         LA est17-la.txt 06NOV2018
22 127     2982     2315     3649 23.7 18.4 29.0      939      714     1164 31.5 24.0 39.0      669      505      833 30.8 23.3 38.3  39474  35312  43636                                        WinnParish                                   LA est17-la.txt 06NOV2018
