22   0   897284   879370   915198 20.0 19.6 20.4   311059   300839   321279 28.4 27.5 29.3   212904   204048   221760 27.0 25.9 28.1  44234  43412  45056   93475   88651   98299 30.8 29.2 32.4 Louisiana                                     LA est13_LA.txt 05NOV2014
22   1    11604     9276    13932 19.0 15.2 22.8     4328     3342     5314 26.3 20.3 32.3     3039     2261     3817 25.4 18.9 31.9  38788  35468  42108                                        AcadiaParish                                 LA est13_LA.txt 05NOV2014
22   3     4218     3259     5177 19.8 15.3 24.3     1506     1190     1822 26.5 21.0 32.0     1040      794     1286 25.4 19.4 31.4  38122  34757  41487                                        AllenParish                                  LA est13_LA.txt 05NOV2014
22   5    12562    10268    14856 11.1  9.1 13.1     4956     3980     5932 15.7 12.6 18.8     3385     2605     4165 14.6 11.2 18.0  70303  65358  75248                                        AscensionParish                              LA est13_LA.txt 05NOV2014
22   7     4168     3307     5029 18.2 14.4 22.0     1342     1035     1649 25.6 19.8 31.4      905      662     1148 23.0 16.8 29.2  44749  40553  48945                                        AssumptionParish                             LA est13_LA.txt 05NOV2014
22   9     9024     7593    10455 23.8 20.0 27.6     3287     2747     3827 33.9 28.3 39.5     2066     1650     2482 29.8 23.8 35.8  33240  30186  36294                                        AvoyellesParish                              LA est13_LA.txt 05NOV2014
22  11     5772     4784     6760 16.6 13.8 19.4     2031     1641     2421 22.7 18.3 27.1     1366     1051     1681 20.9 16.1 25.7  46225  42411  50039                                        BeauregardParish                             LA est13_LA.txt 05NOV2014
22  13     3255     2662     3848 23.9 19.5 28.3     1088      855     1321 34.0 26.7 41.3      745      559      931 31.8 23.9 39.7  33790  30903  36677                                        BienvilleParish                              LA est13_LA.txt 05NOV2014
22  15    17610    15150    20070 14.6 12.6 16.6     6081     4948     7214 19.8 16.1 23.5     4185     3306     5064 19.3 15.2 23.4  51899  49126  54672                                        BossierParish                                LA est13_LA.txt 05NOV2014
22  17    54703    48424    60982 22.0 19.5 24.5    19923    17121    22725 32.5 27.9 37.1    13419    11135    15703 31.2 25.9 36.5  39776  37740  41812                                        CaddoParish                                  LA est13_LA.txt 05NOV2014
22  19    31752    27103    36401 16.6 14.2 19.0    11140     9083    13197 23.3 19.0 27.6     7590     6057     9123 21.9 17.5 26.3  43779  40687  46871                                        CalcasieuParish                              LA est13_LA.txt 05NOV2014
22  21     2192     1753     2631 23.4 18.7 28.1      741      583      899 32.7 25.7 39.7      503      382      624 30.9 23.5 38.3  35987  32373  39601                                        CaldwellParish                               LA est13_LA.txt 05NOV2014
22  23      898      691     1105 13.3 10.2 16.4      311      240      382 19.4 15.0 23.8      221      164      278 18.1 13.5 22.7  51709  46803  56615                                        CameronParish                                LA est13_LA.txt 05NOV2014
22  25     2275     1757     2793 24.3 18.8 29.8      722      558      886 32.1 24.8 39.4      494      368      620 29.6 22.1 37.1  33557  30235  36879                                        CatahoulaParish                              LA est13_LA.txt 05NOV2014
22  27     4202     3352     5052 30.7 24.5 36.9     1297     1055     1539 42.4 34.5 50.3      900      710     1090 40.9 32.3 49.5  34390  31042  37738                                        ClaiborneParish                              LA est13_LA.txt 05NOV2014
22  29     5792     4764     6820 30.6 25.2 36.0     2048     1632     2464 41.8 33.3 50.3     1488     1179     1797 41.3 32.7 49.9  30432  27719  33145                                        ConcordiaParish                              LA est13_LA.txt 05NOV2014
22  31     6281     5452     7110 23.5 20.4 26.6     2219     1914     2524 33.9 29.2 38.6     1483     1217     1749 30.9 25.4 36.4  39403  35661  43145                                        DeSotoParish                                LA est13_LA.txt 05NOV2014
22  33    90205    82176    98234 20.8 19.0 22.6    28339    24444    32234 28.1 24.2 32.0    19379    16374    22384 27.0 22.8 31.2  47770  45480  50060                                        EastBatonRougeParish                       LA est13_LA.txt 05NOV2014
22  35     2889     2290     3488 44.8 35.5 54.1     1059      834     1284 57.7 45.5 69.9      743      571      915 57.4 44.1 70.7  26781  24206  29356                                        EastCarrollParish                           LA est13_LA.txt 05NOV2014
22  37     3574     2791     4357 20.6 16.1 25.1     1081      838     1324 28.8 22.3 35.3      754      562      946 28.1 21.0 35.2  41578  38141  45015                                        EastFelicianaParish                         LA est13_LA.txt 05NOV2014
22  39     8853     7442    10264 27.6 23.2 32.0     3111     2547     3675 35.7 29.2 42.2     2150     1743     2557 33.6 27.2 40.0  32130  29082  35178                                        EvangelineParish                             LA est13_LA.txt 05NOV2014
22  41     5774     4703     6845 29.1 23.7 34.5     2387     1913     2861 45.1 36.1 54.1     1633     1272     1994 43.2 33.6 52.8  31243  28276  34210                                        FranklinParish                               LA est13_LA.txt 05NOV2014
22  43     4034     3132     4936 21.2 16.5 25.9     1321     1040     1602 27.9 22.0 33.8      918      705     1131 26.6 20.4 32.8  41208  38731  43685                                        GrantParish                                  LA est13_LA.txt 05NOV2014
22  45    14701    11824    17578 20.2 16.2 24.2     6063     4796     7330 31.3 24.8 37.8     4260     3285     5235 30.1 23.2 37.0  41185  37998  44372                                        IberiaParish                                 LA est13_LA.txt 05NOV2014
22  47     7604     6324     8884 25.7 21.4 30.0     2465     2010     2920 34.9 28.5 41.3     1712     1354     2070 33.9 26.8 41.0  40449  37126  43772                                        IbervilleParish                              LA est13_LA.txt 05NOV2014
22  49     3200     2588     3812 21.2 17.1 25.3     1114      885     1343 31.0 24.6 37.4      753      573      933 28.6 21.8 35.4  35730  32396  39064                                        JacksonParish                                LA est13_LA.txt 05NOV2014
22  51    81444    74833    88055 18.9 17.4 20.4    29237    26321    32153 31.1 28.0 34.2    18877    16456    21298 28.2 24.6 31.8  46547  44949  48145                                        JeffersonParish                              LA est13_LA.txt 05NOV2014
22  53     5508     4430     6586 18.0 14.5 21.5     1932     1520     2344 24.3 19.1 29.5     1279      942     1616 22.3 16.4 28.2  40760  37476  44044                                        JeffersonDavisParish                        LA est13_LA.txt 05NOV2014
22  55    35317    30225    40409 15.6 13.3 17.9    11489     9448    13530 21.1 17.4 24.8     7938     6332     9544 20.4 16.3 24.5  54978  51180  58776                                        LafayetteParish                              LA est13_LA.txt 05NOV2014
22  57    15695    13611    17779 16.5 14.3 18.7     4981     4152     5810 21.9 18.3 25.5     3416     2779     4053 20.7 16.8 24.6  52115  47922  56308                                        LafourcheParish                              LA est13_LA.txt 05NOV2014
22  59     2825     2357     3293 20.9 17.4 24.4      893      748     1038 26.9 22.5 31.3      547      429      665 22.1 17.3 26.9  42104  37836  46372                                        LaSalleParish                               LA est13_LA.txt 05NOV2014
22  61    13721    12114    15328 32.2 28.4 36.0     3054     2484     3624 32.1 26.1 38.1     2070     1624     2516 31.2 24.5 37.9  34667  31586  37748                                        LincolnParish                                LA est13_LA.txt 05NOV2014
22  63    18992    15870    22114 14.3 11.9 16.7     6354     5063     7645 18.1 14.4 21.8     4432     3453     5411 17.2 13.4 21.0  53118  49933  56303                                        LivingstonParish                             LA est13_LA.txt 05NOV2014
22  65     4223     3368     5078 40.8 32.5 49.1     1617     1267     1967 55.2 43.3 67.1     1097      824     1370 54.4 40.9 67.9  26745  24101  29389                                        MadisonParish                                LA est13_LA.txt 05NOV2014
22  67     7227     5806     8648 27.6 22.2 33.0     2660     2087     3233 41.1 32.2 50.0     1817     1375     2259 39.4 29.8 49.0  28951  26399  31503                                        MorehouseParish                              LA est13_LA.txt 05NOV2014
22  69    10238     8681    11795 27.7 23.5 31.9     3385     2836     3934 36.7 30.8 42.6     2242     1805     2679 33.6 27.1 40.1  35165  32028  38302                                        NatchitochesParish                           LA est13_LA.txt 05NOV2014
22  71    97707    90950   104464 26.6 24.8 28.4    30053    26984    33122 39.0 35.0 43.0    20922    18594    23250 38.9 34.6 43.2  36240  34928  37552                                        OrleansParish                                LA est13_LA.txt 05NOV2014
22  73    35807    31618    39996 23.8 21.0 26.6    13864    11972    15756 35.1 30.3 39.9     9365     7910    10820 33.1 28.0 38.2  39976  37677  42275                                        OuachitaParish                               LA est13_LA.txt 05NOV2014
22  75     3591     2914     4268 15.4 12.5 18.3     1159      905     1413 18.7 14.6 22.8      809      608     1010 17.7 13.3 22.1  51306  46858  55754                                        PlaqueminesParish                            LA est13_LA.txt 05NOV2014
22  77     4501     3637     5365 20.2 16.3 24.1     1601     1264     1938 30.7 24.2 37.2     1108      839     1377 29.2 22.1 36.3  42129  37993  46265                                        PointeCoupeeParish                          LA est13_LA.txt 05NOV2014
22  79    25418    21843    28993 19.7 16.9 22.5     9430     7749    11111 28.4 23.3 33.5     6748     5450     8046 28.0 22.6 33.4  39411  36650  42172                                        RapidesParish                                LA est13_LA.txt 05NOV2014
22  81     2045     1562     2528 23.5 17.9 29.1      799      615      983 36.8 28.3 45.3      547      404      690 35.6 26.3 44.9  35762  32679  38845                                        RedRiverParish                              LA est13_LA.txt 05NOV2014
22  83     5472     4531     6413 27.5 22.8 32.2     2084     1688     2480 40.3 32.6 48.0     1436     1129     1743 38.0 29.9 46.1  32477  29416  35538                                        RichlandParish                               LA est13_LA.txt 05NOV2014
22  85     5183     4327     6039 21.8 18.2 25.4     1772     1438     2106 30.8 25.0 36.6     1161      906     1416 27.8 21.7 33.9  37864  34389  41339                                        SabineParish                                 LA est13_LA.txt 05NOV2014
22  87     9416     8051    10781 21.9 18.7 25.1     4378     3789     4967 38.4 33.2 43.6     2906     2466     3346 37.0 31.4 42.6  40705  37786  43624                                        St.BernardParish                            LA est13_LA.txt 05NOV2014
22  89     7183     5847     8519 13.8 11.2 16.4     2457     1929     2985 18.5 14.5 22.5     1691     1271     2111 16.8 12.6 21.0  56163  51321  61005                                        St.CharlesParish                            LA est13_LA.txt 05NOV2014
22  91     2768     2231     3305 25.8 20.8 30.8      941      730     1152 38.8 30.1 47.5      692      519      865 39.0 29.2 48.8  34229  30785  37673                                        St.HelenaParish                             LA est13_LA.txt 05NOV2014
22  93     3476     2715     4237 16.2 12.7 19.7     1219      947     1491 23.4 18.2 28.6      868      650     1086 22.8 17.1 28.5  48358  44678  52038                                        St.JamesParish                              LA est13_LA.txt 05NOV2014
22  95     8012     6347     9677 18.5 14.6 22.4     3149     2467     3831 28.4 22.2 34.6     2237     1710     2764 27.9 21.3 34.5  47389  44072  50706                                        St.JohntheBaptistParish                   LA est13_LA.txt 05NOV2014
22  97    22287    19865    24709 27.1 24.2 30.0     8985     7912    10058 40.5 35.7 45.3     6187     5351     7023 39.3 34.0 44.6  33781  30871  36691                                        St.LandryParish                             LA est13_LA.txt 05NOV2014
22  99    10086     8139    12033 19.4 15.7 23.1     3825     3037     4613 29.0 23.0 35.0     2679     2076     3282 27.7 21.5 33.9  42110  38316  45904                                        St.MartinParish                             LA est13_LA.txt 05NOV2014
22 101    11747     9919    13575 22.3 18.8 25.8     3845     3137     4553 29.5 24.1 34.9     2560     2005     3115 27.2 21.3 33.1  39608  36336  42880                                        St.MaryParish                               LA est13_LA.txt 05NOV2014
22 103    26543    22443    30643 11.0  9.3 12.7     8915     7157    10673 15.0 12.0 18.0     6358     4993     7723 14.1 11.1 17.1  61655  58236  65074                                        St.TammanyParish                            LA est13_LA.txt 05NOV2014
22 105    27031    23206    30856 22.2 19.1 25.3     9482     7768    11196 30.9 25.3 36.5     6933     5657     8209 31.8 25.9 37.7  40228  36910  43546                                        TangipahoaParish                             LA est13_LA.txt 05NOV2014
22 107     1626     1306     1946 33.3 26.7 39.9      609      477      741 50.2 39.3 61.1      422      317      527 46.5 34.9 58.1  28021  25190  30852                                        TensasParish                                 LA est13_LA.txt 05NOV2014
22 109    16817    13146    20488 15.2 11.9 18.5     6563     5086     8040 23.2 18.0 28.4     4519     3373     5665 22.2 16.6 27.8  51716  47793  55639                                        TerrebonneParish                             LA est13_LA.txt 05NOV2014
22 111     5386     4611     6161 24.6 21.1 28.1     1691     1365     2017 34.0 27.4 40.6     1262     1013     1511 34.9 28.0 41.8  35825  32446  39204                                        UnionParish                                  LA est13_LA.txt 05NOV2014
22 113    10872     8987    12757 18.6 15.4 21.8     4096     3287     4905 26.6 21.3 31.9     2718     2081     3355 24.0 18.4 29.6  43434  39875  46993                                        VermilionParish                              LA est13_LA.txt 05NOV2014
22 115     8707     7472     9942 17.3 14.8 19.8     3087     2523     3651 22.3 18.2 26.4     2028     1582     2474 22.2 17.3 27.1  42772  39371  46173                                        VernonParish                                 LA est13_LA.txt 05NOV2014
22 117    11352     8969    13735 25.4 20.1 30.7     4018     3122     4914 36.2 28.1 44.3     2787     2114     3460 34.2 25.9 42.5  31630  30004  33256                                        WashingtonParish                             LA est13_LA.txt 05NOV2014
22 119     9363     8004    10722 23.7 20.3 27.1     3445     2991     3899 37.0 32.1 41.9     2343     1952     2734 34.7 28.9 40.5  35762  32630  38894                                        WebsterParish                                LA est13_LA.txt 05NOV2014
22 121     3929     3126     4732 16.4 13.1 19.7     1406     1101     1711 24.0 18.8 29.2      952      716     1188 22.7 17.1 28.3  48848  44566  53130                                        WestBatonRougeParish                       LA est13_LA.txt 05NOV2014
22 123     2575     2015     3135 23.4 18.3 28.5      948      747     1149 34.8 27.4 42.2      660      502      818 32.6 24.8 40.4  34611  31233  37989                                        WestCarrollParish                           LA est13_LA.txt 05NOV2014
22 125     2472     1896     3048 24.4 18.7 30.1      542      423      661 21.1 16.5 25.7      375      283      467 19.6 14.8 24.4  52626  47506  57746                                        WestFelicianaParish                         LA est13_LA.txt 05NOV2014
22 127     3581     2917     4245 27.3 22.2 32.4     1133      911     1355 35.0 28.2 41.8      785      614      956 33.2 26.0 40.4  35674  32090  39258                                        WinnParish                                   LA est13_LA.txt 05NOV2014
