22   0   911970   893612   930328 20.1 19.7 20.5   310392   300027   320757 28.4 27.5 29.3   214016   205039   222993 27.3 26.2 28.4  45374  44621  46127   91982   86699   97265 30.3 28.6 32.0 Louisiana                                     LA est16-la.txt 02NOV2017
22   1    14228    12186    16270 23.1 19.8 26.4     4724     3841     5607 29.3 23.8 34.8     3184     2495     3873 27.0 21.1 32.9  40218  36835  43601                                        AcadiaParish                                 LA est16-la.txt 02NOV2017
22   3     4588     3678     5498 21.4 17.1 25.7     1438     1121     1755 25.1 19.6 30.6      999      771     1227 24.3 18.7 29.9  41584  37523  45645                                        AllenParish                                  LA est16-la.txt 02NOV2017
22   5    12864    10397    15331 10.7  8.7 12.7     4588     3565     5611 14.0 10.9 17.1     3188     2428     3948 13.2 10.0 16.4  74212  69148  79276                                        AscensionParish                              LA est16-la.txt 02NOV2017
22   7     4761     3996     5526 21.2 17.8 24.6     1423     1140     1706 28.7 23.0 34.4     1044      837     1251 28.4 22.8 34.0  45847  40891  50803                                        AssumptionParish                             LA est16-la.txt 02NOV2017
22   9     9758     8106    11410 25.9 21.5 30.3     3352     2656     4048 34.8 27.6 42.0     2401     1904     2898 34.7 27.5 41.9  34997  31482  38512                                        AvoyellesParish                              LA est16-la.txt 02NOV2017
22  11     5243     4237     6249 14.8 12.0 17.6     1763     1355     2171 19.8 15.2 24.4     1229      934     1524 18.9 14.4 23.4  49436  45160  53712                                        BeauregardParish                             LA est16-la.txt 02NOV2017
22  13     3171     2517     3825 23.5 18.7 28.3     1058      806     1310 34.0 25.9 42.1      757      569      945 34.1 25.7 42.5  33887  30313  37461                                        BienvilleParish                              LA est16-la.txt 02NOV2017
22  15    20555    18052    23058 16.7 14.7 18.7     7166     5974     8358 23.1 19.3 26.9     4802     3916     5688 21.7 17.7 25.7  50048  46847  53249                                        BossierParish                                LA est16-la.txt 02NOV2017
22  17    63909    58543    69275 26.4 24.2 28.6    23129    20599    25659 39.1 34.8 43.4    15509    13602    17416 37.1 32.5 41.7  38414  36007  40821                                        CaddoParish                                  LA est16-la.txt 02NOV2017
22  19    39035    34898    43172 19.9 17.8 22.0    13431    11697    15165 27.5 23.9 31.1     8971     7690    10252 25.6 21.9 29.3  47052  44175  49929                                        CalcasieuParish                              LA est16-la.txt 02NOV2017
22  21     2144     1718     2570 22.6 18.1 27.1      700      541      859 30.2 23.3 37.1      479      361      597 28.7 21.6 35.8  35428  31482  39374                                        CaldwellParish                               LA est16-la.txt 02NOV2017
22  23      841      647     1035 12.3  9.5 15.1      283      216      350 18.8 14.4 23.2      201      151      251 17.4 13.0 21.8  52479  47284  57674                                        CameronParish                                LA est16-la.txt 02NOV2017
22  25     2485     1965     3005 27.5 21.8 33.2      825      633     1017 38.5 29.6 47.4      574      434      714 36.4 27.5 45.3  33154  29833  36475                                        CatahoulaParish                              LA est16-la.txt 02NOV2017
22  27     4593     3837     5349 34.9 29.2 40.6     1281     1040     1522 43.4 35.2 51.6      937      765     1109 44.4 36.2 52.6  34228  30525  37931                                        ClaiborneParish                              LA est16-la.txt 02NOV2017
22  29     5239     4210     6268 28.5 22.9 34.1     1907     1487     2327 40.2 31.3 49.1     1320     1014     1626 38.0 29.2 46.8  32685  29326  36044                                        ConcordiaParish                              LA est16-la.txt 02NOV2017
22  31     5669     4779     6559 21.1 17.8 24.4     1878     1512     2244 29.3 23.6 35.0     1324     1059     1589 28.0 22.4 33.6  43325  39319  47331                                        DeSotoParish                                LA est16-la.txt 02NOV2017
22  33    86888    80156    93620 19.9 18.4 21.4    28643    25254    32032 28.9 25.5 32.3    18679    15880    21478 26.6 22.6 30.6  50451  48946  51956                                        EastBatonRougeParish                       LA est16-la.txt 02NOV2017
22  35     2686     2081     3291 43.5 33.7 53.3     1059      808     1310 58.8 44.9 72.7      747      562      932 60.2 45.3 75.1  25810  22984  28636                                        EastCarrollParish                           LA est16-la.txt 02NOV2017
22  37     3459     2717     4201 20.0 15.7 24.3     1006      770     1242 27.5 21.0 34.0      704      532      876 26.4 20.0 32.8  46172  41989  50355                                        EastFelicianaParish                         LA est16-la.txt 02NOV2017
22  39     9463     8202    10724 29.4 25.5 33.3     3255     2765     3745 38.3 32.5 44.1     2475     2108     2842 40.5 34.5 46.5  34440  31252  37628                                        EvangelineParish                             LA est16-la.txt 02NOV2017
22  41     5728     4758     6698 29.2 24.3 34.1     2254     1795     2713 44.4 35.4 53.4     1622     1286     1958 43.6 34.6 52.6  31873  28649  35097                                        FranklinParish                               LA est16-la.txt 02NOV2017
22  43     4160     3384     4936 21.5 17.5 25.5     1185      918     1452 25.2 19.5 30.9      817      618     1016 24.1 18.2 30.0  42948  38388  47508                                        GrantParish                                  LA est16-la.txt 02NOV2017
22  45    16885    14499    19271 23.4 20.1 26.7     6225     5018     7432 32.5 26.2 38.8     4511     3621     5401 32.7 26.2 39.2  41604  39542  43666                                        IberiaParish                                 LA est16-la.txt 02NOV2017
22  47     6615     5231     7999 22.8 18.0 27.6     2237     1745     2729 32.5 25.4 39.6     1545     1166     1924 31.7 23.9 39.5  41679  37579  45779                                        IbervilleParish                              LA est16-la.txt 02NOV2017
22  49     3122     2547     3697 21.2 17.3 25.1     1042      817     1267 30.4 23.8 37.0      721      549      893 28.3 21.5 35.1  41192  36926  45458                                        JacksonParish                                LA est16-la.txt 02NOV2017
22  51    69610    62774    76446 16.1 14.5 17.7    24662    21347    27977 26.3 22.8 29.8    16141    13614    18668 24.3 20.5 28.1  49681  47713  51649                                        JeffersonParish                              LA est16-la.txt 02NOV2017
22  53     5933     4881     6985 19.3 15.9 22.7     2053     1606     2500 25.9 20.3 31.5     1458     1126     1790 25.5 19.7 31.3  42134  37875  46393                                        JeffersonDavisParish                        LA est16-la.txt 02NOV2017
22  55    42781    38087    47475 18.1 16.1 20.1    12904    10768    15040 22.9 19.1 26.7     8915     7317    10513 22.4 18.4 26.4  51125  47868  54382                                        LafayetteParish                              LA est16-la.txt 02NOV2017
22  57    16447    14068    18826 17.1 14.6 19.6     5106     4131     6081 22.6 18.3 26.9     3621     2877     4365 22.1 17.6 26.6  52220  49161  55279                                        LafourcheParish                              LA est16-la.txt 02NOV2017
22  59     2653     2144     3162 19.3 15.6 23.0      789      612      966 22.9 17.8 28.0      530      401      659 20.9 15.8 26.0  45169  40496  49842                                        LaSalleParish                               LA est16-la.txt 02NOV2017
22  61    12959    11493    14425 30.2 26.8 33.6     3035     2575     3495 32.4 27.5 37.3     2070     1749     2391 31.4 26.5 36.3  39158  35313  43003                                        LincolnParish                                LA est16-la.txt 02NOV2017
22  63    17396    14546    20246 12.6 10.5 14.7     6016     4891     7141 16.8 13.7 19.9     4172     3389     4955 15.9 12.9 18.9  58318  53438  63198                                        LivingstonParish                             LA est16-la.txt 02NOV2017
22  65     4103     3269     4937 41.3 32.9 49.7     1583     1244     1922 56.4 44.3 68.5     1090      845     1335 56.4 43.7 69.1  27306  24548  30064                                        MadisonParish                                LA est16-la.txt 02NOV2017
22  67     7237     5842     8632 28.7 23.2 34.2     2741     2137     3345 44.5 34.7 54.3     1930     1481     2379 43.6 33.5 53.7  32269  29509  35029                                        MorehouseParish                              LA est16-la.txt 02NOV2017
22  69    11773    10615    12931 31.9 28.8 35.0     3388     2848     3928 37.4 31.4 43.4     2618     2227     3009 40.2 34.2 46.2  32094  29098  35090                                        NatchitochesParish                           LA est16-la.txt 02NOV2017
22  71    91421    83697    99145 24.1 22.1 26.1    28193    24083    32303 36.0 30.8 41.2    19969    17005    22933 36.2 30.8 41.6  38418  36479  40357                                        OrleansParish                                LA est16-la.txt 02NOV2017
22  73    37014    33270    40758 24.5 22.0 27.0    14567    12825    16309 37.5 33.0 42.0     9945     8586    11304 35.7 30.8 40.6  38525  36087  40963                                        OuachitaParish                               LA est16-la.txt 02NOV2017
22  75     3575     2875     4275 15.4 12.4 18.4     1220      963     1477 20.0 15.8 24.2      847      659     1035 18.8 14.6 23.0  55950  51681  60219                                        PlaqueminesParish                            LA est16-la.txt 02NOV2017
22  77     4332     3463     5201 19.7 15.7 23.7     1456     1124     1788 29.7 22.9 36.5     1032      788     1276 29.0 22.2 35.8  42545  38414  46676                                        PointeCoupeeParish                          LA est16-la.txt 02NOV2017
22  79    25575    21943    29207 19.9 17.1 22.7     9069     7480    10658 27.8 22.9 32.7     6783     5633     7933 28.8 23.9 33.7  42452  39204  45700                                        RapidesParish                                LA est16-la.txt 02NOV2017
22  81     2194     1758     2630 26.3 21.1 31.5      715      554      876 35.9 27.8 44.0      502      384      620 35.4 27.1 43.7  33044  29367  36721                                        RedRiverParish                              LA est16-la.txt 02NOV2017
22  83     5299     4375     6223 27.2 22.5 31.9     1875     1473     2277 38.2 30.0 46.4     1254      960     1548 35.1 26.9 43.3  33820  30443  37197                                        RichlandParish                               LA est16-la.txt 02NOV2017
22  85     4352     3557     5147 18.5 15.1 21.9     1524     1196     1852 26.8 21.0 32.6     1052      807     1297 24.9 19.1 30.7  42700  39473  45927                                        SabineParish                                 LA est16-la.txt 02NOV2017
22  87    10604     9202    12006 23.5 20.4 26.6     3567     2821     4313 29.4 23.3 35.5     2556     2008     3104 29.4 23.1 35.7  39450  36081  42819                                        St.BernardParish                            LA est16-la.txt 02NOV2017
22  89     6812     5603     8021 13.1 10.8 15.4     2355     1862     2848 18.3 14.5 22.1     1634     1271     1997 17.0 13.2 20.8  64742  58631  70853                                        St.CharlesParish                            LA est16-la.txt 02NOV2017
22  91     2558     2091     3025 24.7 20.2 29.2      936      736     1136 41.9 32.9 50.9      677      526      828 40.8 31.7 49.9  35519  31636  39402                                        St.HelenaParish                             LA est16-la.txt 02NOV2017
22  93     4038     3348     4728 19.0 15.8 22.2     1293     1017     1569 26.1 20.5 31.7      914      707     1121 25.3 19.6 31.0  47876  43014  52738                                        St.JamesParish                              LA est16-la.txt 02NOV2017
22  95     7959     6453     9465 18.5 15.0 22.0     3052     2364     3740 28.4 22.0 34.8     2124     1640     2608 26.7 20.6 32.8  52166  48305  56027                                        St.JohntheBaptistParish                   LA est16-la.txt 02NOV2017
22  97    21994    19448    24540 26.6 23.5 29.7     8532     7278     9786 38.2 32.6 43.8     6161     5254     7068 38.2 32.6 43.8  32185  30320  34050                                        St.LandryParish                             LA est16-la.txt 02NOV2017
22  99     9830     7882    11778 18.5 14.8 22.2     3530     2751     4309 27.0 21.1 32.9     2486     1875     3097 26.5 20.0 33.0  46560  42624  50496                                        St.MartinParish                             LA est16-la.txt 02NOV2017
22 101    11371     9538    13204 22.2 18.6 25.8     4267     3490     5044 34.1 27.9 40.3     3000     2398     3602 33.8 27.0 40.6  37822  35291  40353                                        St.MaryParish                               LA est16-la.txt 02NOV2017
22 103    24598    20285    28911  9.8  8.1 11.5     7806     5945     9667 13.0  9.9 16.1     5104     3745     6463 11.3  8.3 14.3  65861  61665  70057                                        St.TammanyParish                            LA est16-la.txt 02NOV2017
22 105    27350    23021    31679 21.5 18.1 24.9     9772     7865    11679 30.9 24.9 36.9     6497     5047     7947 29.4 22.8 36.0  44625  41189  48061                                        TangipahoaParish                             LA est16-la.txt 02NOV2017
22 107     1444     1123     1765 31.6 24.6 38.6      553      419      687 50.4 38.2 62.6      384      285      483 48.4 35.9 60.9  26657  23919  29395                                        TensasParish                                 LA est16-la.txt 02NOV2017
22 109    23521    20412    26630 21.1 18.3 23.9     8510     7244     9776 29.9 25.5 34.3     6217     5338     7096 30.4 26.1 34.7  49206  44832  53580                                        TerrebonneParish                             LA est16-la.txt 02NOV2017
22 111     4422     3508     5336 20.2 16.0 24.4     1602     1246     1958 32.3 25.1 39.5     1160      901     1419 31.9 24.8 39.0  42166  38691  45641                                        UnionParish                                  LA est16-la.txt 02NOV2017
22 113    11669     9743    13595 19.6 16.4 22.8     4123     3251     4995 26.8 21.1 32.5     2817     2206     3428 24.8 19.4 30.2  44048  40307  47789                                        VermilionParish                              LA est16-la.txt 02NOV2017
22 115     7191     5949     8433 14.9 12.3 17.5     2695     2139     3251 21.0 16.7 25.3     1843     1450     2236 21.5 16.9 26.1  47172  43561  50783                                        VernonParish                                 LA est16-la.txt 02NOV2017
22 117    12371    10534    14208 27.8 23.7 31.9     4205     3506     4904 38.4 32.0 44.8     2911     2378     3444 36.1 29.5 42.7  34240  31021  37459                                        WashingtonParish                             LA est16-la.txt 02NOV2017
22 119     9276     7833    10719 24.1 20.3 27.9     3078     2499     3657 34.7 28.2 41.2     2182     1744     2620 34.1 27.3 40.9  33251  29909  36593                                        WebsterParish                                LA est16-la.txt 02NOV2017
22 121     4231     3501     4961 16.8 13.9 19.7     1393     1095     1691 22.4 17.6 27.2      984      766     1202 22.2 17.3 27.1  54454  49152  59756                                        WestBatonRougeParish                       LA est16-la.txt 02NOV2017
22 123     2535     2040     3030 23.8 19.1 28.5      858      670     1046 33.9 26.5 41.3      627      488      766 33.2 25.8 40.6  35638  32167  39109                                        WestCarrollParish                           LA est16-la.txt 02NOV2017
22 125     2372     1834     2910 23.7 18.3 29.1      533      409      657 21.5 16.5 26.5      371      281      461 20.2 15.3 25.1  56459  50410  62508                                        WestFelicianaParish                         LA est16-la.txt 02NOV2017
22 127     3080     2463     3697 24.3 19.4 29.2      989      773     1205 32.3 25.3 39.3      698      539      857 30.8 23.8 37.8  37600  33659  41541                                        WinnParish                                   LA est16-la.txt 02NOV2017
