22   0   848005   830136   865874 18.7 18.3 19.1   286532   276951   296113 26.5 25.6 27.4   196348   188095   204601 25.2 24.1 26.3  48021  47301  48741   87660   82799   92521 29.2 27.6 30.8 Louisiana                                     LA est18-la.txt 19NOV2019
22   1    15378    13308    17448 25.2 21.8 28.6     5587     4646     6528 35.4 29.4 41.4     3917     3198     4636 34.1 27.8 40.4  40484  36645  44323                                        AcadiaParish                                 LA est18-la.txt 19NOV2019
22   3     4177     3136     5218 19.6 14.7 24.5     1264      902     1626 22.7 16.2 29.2      848      573     1123 20.8 14.0 27.6  44395  40112  48678                                        AllenParish                                  LA est18-la.txt 19NOV2019
22   5    13341    10918    15764 10.8  8.8 12.8     4681     3612     5750 14.2 11.0 17.4     3340     2528     4152 13.8 10.5 17.1  77758  72524  82992                                        AscensionParish                              LA est18-la.txt 19NOV2019
22   7     4562     3648     5476 20.7 16.6 24.8     1359     1005     1713 28.7 21.2 36.2      975      694     1256 27.8 19.8 35.8  48120  42840  53400                                        AssumptionParish                             LA est18-la.txt 19NOV2019
22   9    10158     8498    11818 27.4 22.9 31.9     3475     2814     4136 36.9 29.9 43.9     2535     2006     3064 37.4 29.6 45.2  37731  34552  40910                                        AvoyellesParish                              LA est18-la.txt 19NOV2019
22  11     5528     4548     6508 15.4 12.7 18.1     1679     1262     2096 18.7 14.1 23.3     1105      773     1437 16.9 11.8 22.0  57005  52504  61506                                        BeauregardParish                             LA est18-la.txt 19NOV2019
22  13     3481     2831     4131 26.9 21.9 31.9     1061      806     1316 36.3 27.6 45.0      742      546      938 34.3 25.2 43.4  34047  30302  37792                                        BienvilleParish                              LA est18-la.txt 19NOV2019
22  15    17888    15037    20739 14.4 12.1 16.7     6275     4965     7585 20.2 16.0 24.4     4071     3014     5128 18.2 13.5 22.9  56754  52287  61221                                        BossierParish                                LA est18-la.txt 19NOV2019
22  17    52996    47108    58884 22.4 19.9 24.9    20156    17176    23136 35.6 30.3 40.9    14922    12653    17191 36.6 31.0 42.2  40467  37637  43297                                        CaddoParish                                  LA est18-la.txt 19NOV2019
22  19    29744    25382    34106 14.9 12.7 17.1    10506     8331    12681 21.1 16.7 25.5     7242     5530     8954 20.4 15.6 25.2  50531  47353  53709                                        CalcasieuParish                              LA est18-la.txt 19NOV2019
22  21     1950     1499     2401 20.8 16.0 25.6      684      503      865 30.1 22.2 38.0      461      320      602 27.8 19.3 36.3  40842  36385  45299                                        CaldwellParish                               LA est18-la.txt 19NOV2019
22  23      962      734     1190 13.9 10.6 17.2      299      217      381 19.6 14.3 24.9      212      146      278 18.1 12.5 23.7  57299  50918  63680                                        CameronParish                                LA est18-la.txt 19NOV2019
22  25     2273     1750     2796 26.0 20.0 32.0      756      564      948 37.0 27.6 46.4      530      383      677 35.4 25.6 45.2  35812  31853  39771                                        CatahoulaParish                              LA est18-la.txt 19NOV2019
22  27     4245     3434     5056 32.7 26.5 38.9     1169      917     1421 41.1 32.2 50.0      836      644     1028 41.6 32.1 51.1  33659  30437  36881                                        ClaiborneParish                              LA est18-la.txt 19NOV2019
22  29     4923     3723     6123 27.2 20.6 33.8     1796     1297     2295 38.7 28.0 49.4     1203      817     1589 35.2 23.9 46.5  35840  32421  39259                                        ConcordiaParish                              LA est18-la.txt 19NOV2019
22  31     4959     3845     6073 18.3 14.2 22.4     1585     1128     2042 24.5 17.4 31.6     1123      766     1480 23.3 15.9 30.7  44457  40074  48840                                        DeSotoParish                                LA est18-la.txt 19NOV2019
22  33    71761    63483    80039 16.7 14.8 18.6    23483    19438    27528 23.8 19.7 27.9    16210    13102    19318 23.1 18.7 27.5  52945  50415  55475                                        EastBatonRougeParish                       LA est18-la.txt 19NOV2019
22  35     2720     2164     3276 45.7 36.4 55.0     1053      813     1293 61.5 47.5 75.5      771      585      957 64.8 49.1 80.5  27714  24886  30542                                        EastCarrollParish                           LA est18-la.txt 19NOV2019
22  37     3319     2549     4089 19.6 15.0 24.2      836      596     1076 24.1 17.2 31.0      597      407      787 23.6 16.1 31.1  45174  40732  49616                                        EastFelicianaParish                         LA est18-la.txt 19NOV2019
22  39     8748     7189    10307 27.3 22.4 32.2     2833     2165     3501 34.2 26.1 42.3     1955     1428     2482 32.8 24.0 41.6  34113  30490  37736                                        EvangelineParish                             LA est18-la.txt 19NOV2019
22  41     5318     4291     6345 27.3 22.0 32.6     2122     1633     2611 41.7 32.1 51.3     1308      910     1706 35.7 24.9 46.5  34446  31245  37647                                        FranklinParish                               LA est18-la.txt 19NOV2019
22  43     3891     2991     4791 20.0 15.4 24.6     1140      844     1436 24.4 18.1 30.7      809      584     1034 24.1 17.4 30.8  43502  39556  47448                                        GrantParish                                  LA est18-la.txt 19NOV2019
22  45    16816    14737    18895 24.1 21.1 27.1     7088     6049     8127 39.3 33.5 45.1     4824     3972     5676 37.3 30.7 43.9  42909  39125  46693                                        IberiaParish                                 LA est18-la.txt 19NOV2019
22  47     6880     5428     8332 23.8 18.8 28.8     2182     1653     2711 32.7 24.8 40.6     1593     1177     2009 33.0 24.4 41.6  47917  44050  51784                                        IbervilleParish                              LA est18-la.txt 19NOV2019
22  49     3206     2585     3827 21.6 17.4 25.8     1091      835     1347 31.5 24.1 38.9      744      540      948 28.6 20.8 36.4  40828  36419  45237                                        JacksonParish                                LA est18-la.txt 19NOV2019
22  51    67200    59604    74796 15.6 13.8 17.4    24225    20703    27747 25.7 22.0 29.4    15247    12307    18187 23.0 18.6 27.4  50871  49206  52536                                        JeffersonParish                              LA est18-la.txt 19NOV2019
22  53     5462     4268     6656 17.7 13.8 21.6     1902     1395     2409 23.8 17.5 30.1     1307      914     1700 22.4 15.7 29.1  44492  39753  49231                                        JeffersonDavisParish                        LA est18-la.txt 19NOV2019
22  55    36301    31813    40789 15.3 13.4 17.2    11532     9265    13799 20.4 16.4 24.4     7444     5712     9176 18.4 14.1 22.7  57821  53766  61876                                        LafayetteParish                              LA est18-la.txt 19NOV2019
22  57    15989    13592    18386 16.6 14.1 19.1     5115     4032     6198 22.8 18.0 27.6     3550     2706     4394 21.8 16.6 27.0  52651  48156  57146                                        LafourcheParish                              LA est18-la.txt 19NOV2019
22  59     2659     2094     3224 19.5 15.4 23.6      820      616     1024 24.2 18.2 30.2      565      408      722 22.8 16.4 29.2  45742  40778  50706                                        LaSalleParish                               LA est18-la.txt 19NOV2019
22  61    10940     9194    12686 25.8 21.7 29.9     2783     2139     3427 29.9 23.0 36.8     1922     1438     2406 29.3 21.9 36.7  36525  33273  39777                                        LincolnParish                                LA est18-la.txt 19NOV2019
22  63    15562    12330    18794 11.3  9.0 13.6     5267     3860     6674 15.0 11.0 19.0     3546     2457     4635 13.8  9.6 18.0  63088  58550  67626                                        LivingstonParish                             LA est18-la.txt 19NOV2019
22  65     4000     3209     4791 41.7 33.5 49.9     1476     1130     1822 56.3 43.1 69.5     1013      733     1293 54.4 39.4 69.4  28452  25343  31561                                        MadisonParish                                LA est18-la.txt 19NOV2019
22  67     6738     5333     8143 27.4 21.7 33.1     2486     1832     3140 41.1 30.3 51.9     1804     1296     2312 41.6 29.9 53.3  34023  30386  37660                                        MorehouseParish                              LA est18-la.txt 19NOV2019
22  69    11951    10691    13211 32.8 29.3 36.3     2983     2451     3515 33.4 27.4 39.4     1917     1447     2387 29.7 22.4 37.0  36298  32217  40379                                        NatchitochesParish                           LA est18-la.txt 19NOV2019
22  71    90329    82562    98096 23.8 21.8 25.8    25916    22036    29796 33.6 28.6 38.6    18509    15528    21490 34.0 28.5 39.5  38855  36901  40809                                        OrleansParish                                LA est18-la.txt 19NOV2019
22  73    31790    27893    35687 21.3 18.7 23.9    11397     9390    13404 30.3 25.0 35.6     7811     6192     9430 28.8 22.8 34.8  44371  40807  47935                                        OuachitaParish                               LA est18-la.txt 19NOV2019
22  75     3582     2817     4347 15.5 12.2 18.8     1215      913     1517 20.3 15.2 25.4      805      570     1040 18.3 13.0 23.6  58643  53178  64108                                        PlaqueminesParish                            LA est18-la.txt 19NOV2019
22  77     4428     3619     5237 20.3 16.6 24.0     1318      962     1674 27.7 20.2 35.2      916      635     1197 26.7 18.5 34.9  46603  41752  51454                                        PointeCoupeeParish                          LA est18-la.txt 19NOV2019
22  79    24641    21125    28157 19.4 16.6 22.2     8007     6317     9697 25.2 19.9 30.5     5218     3873     6563 22.8 16.9 28.7  48116  45709  50523                                        RapidesParish                                LA est18-la.txt 19NOV2019
22  81     1911     1445     2377 23.1 17.5 28.7      645      467      823 33.3 24.1 42.5      449      311      587 31.5 21.8 41.2  36865  32822  40908                                        Red RiverParish                              LA est18-la.txt 19NOV2019
22  83     5051     4108     5994 26.2 21.3 31.1     1715     1323     2107 36.9 28.5 45.3     1134      799     1469 33.0 23.2 42.8  35103  31389  38817                                        RichlandParish                               LA est18-la.txt 19NOV2019
22  85     5430     4600     6260 23.1 19.6 26.6     1684     1310     2058 30.1 23.4 36.8     1131      833     1429 27.2 20.0 34.4  36423  32523  40323                                        SabineParish                                 LA est18-la.txt 19NOV2019
22  87     9306     7525    11087 20.1 16.3 23.9     3649     2751     4547 29.8 22.5 37.1     2570     1898     3242 28.6 21.1 36.1  43983  40145  47821                                        St.BernardParish                            LA est18-la.txt 19NOV2019
22  89     6652     5463     7841 12.8 10.5 15.1     2774     2309     3239 21.7 18.1 25.3     1542     1151     1933 16.3 12.2 20.4  67585  61401  73769                                        St.CharlesParish                            LA est18-la.txt 19NOV2019
22  91     1983     1474     2492 19.6 14.6 24.6      748      525      971 35.3 24.8 45.8      577      391      763 36.9 25.0 48.8  38699  34469  42929                                        St.HelenaParish                             LA est18-la.txt 19NOV2019
22  93     3492     2726     4258 16.8 13.1 20.5     1173      876     1470 25.0 18.7 31.3      854      620     1088 24.5 17.8 31.2  53903  47983  59823                                        St.JamesParish                              LA est18-la.txt 19NOV2019
22  95     7766     6254     9278 18.2 14.7 21.7     3040     2351     3729 28.9 22.3 35.5     1940     1345     2535 24.8 17.2 32.4  50830  46411  55249                                        St.JohntheBaptistParish                   LA est18-la.txt 19NOV2019
22  97    26696    24363    29029 32.7 29.8 35.6    10228     9095    11361 46.6 41.4 51.8     6892     5950     7834 43.8 37.8 49.8  36624  33047  40201                                        St.LandryParish                             LA est18-la.txt 19NOV2019
22  99    10179     8261    12097 19.3 15.7 22.9     3507     2619     4395 27.5 20.6 34.4     2456     1778     3134 26.6 19.3 33.9  46229  43684  48774                                        St.MartinParish                             LA est18-la.txt 19NOV2019
22 101    10285     8336    12234 21.0 17.0 25.0     3368     2392     4344 28.8 20.5 37.1     2193     1444     2942 26.2 17.3 35.1  39764  36146  43382                                        St.MaryParish                               LA est18-la.txt 19NOV2019
22 103    30253    25786    34720 11.8 10.1 13.5    10358     8602    12114 17.0 14.1 19.9     7029     5696     8362 15.4 12.5 18.3  67054  62755  71353                                        St.TammanyParish                            LA est18-la.txt 19NOV2019
22 105    23304    19351    27257 17.9 14.9 20.9     7838     5839     9837 24.3 18.1 30.5     5265     3705     6825 23.1 16.2 30.0  47128  44463  49793                                        TangipahoaParish                             LA est18-la.txt 19NOV2019
22 107     1404     1077     1731 31.6 24.2 39.0      486      350      622 47.7 34.3 61.1      336      230      442 44.2 30.3 58.1  28962  25840  32084                                        TensasParish                                 LA est18-la.txt 19NOV2019
22 109    18950    15629    22271 17.3 14.3 20.3     6216     4616     7816 22.6 16.8 28.4     4484     3255     5713 22.4 16.3 28.5  51665  47507  55823                                        TerrebonneParish                             LA est18-la.txt 19NOV2019
22 111     3924     3044     4804 18.0 14.0 22.0     1427     1040     1814 29.5 21.5 37.5      984      686     1282 27.7 19.3 36.1  43584  39473  47695                                        UnionParish                                  LA est18-la.txt 19NOV2019
22 113    10826     8779    12873 18.3 14.8 21.8     3775     2796     4754 25.2 18.7 31.7     2671     1895     3447 24.0 17.0 31.0  48263  44457  52069                                        VermilionParish                              LA est18-la.txt 19NOV2019
22 115     7951     6793     9109 17.5 15.0 20.0     2827     2282     3372 23.6 19.0 28.2     1926     1521     2331 23.9 18.9 28.9  47664  43544  51784                                        VernonParish                                 LA est18-la.txt 19NOV2019
22 117    11028     8845    13211 24.6 19.7 29.5     4046     3142     4950 36.7 28.5 44.9     3028     2333     3723 38.0 29.3 46.7  36850  34123  39577                                        WashingtonParish                             LA est18-la.txt 19NOV2019
22 119     9764     8433    11095 26.0 22.5 29.5     2983     2394     3572 34.5 27.7 41.3     2047     1566     2528 32.6 24.9 40.3  35070  31143  38997                                        WebsterParish                                LA est18-la.txt 19NOV2019
22 121     3299     2492     4106 12.8  9.7 15.9     1277      914     1640 20.0 14.3 25.7      869      587     1151 19.2 13.0 25.4  58205  53003  63407                                        WestBatonRougeParish                       LA est18-la.txt 19NOV2019
22 123     2455     1960     2950 23.3 18.6 28.0      847      634     1060 34.0 25.4 42.6      612      444      780 32.6 23.7 41.5  39332  35467  43197                                        WestCarrollParish                           LA est18-la.txt 19NOV2019
22 125     2470     1888     3052 24.4 18.7 30.1      480      350      610 19.3 14.1 24.5      335      235      435 18.1 12.7 23.5  60296  53961  66631                                        WestFelicianaParish                         LA est18-la.txt 19NOV2019
22 127     2829     2150     3508 22.8 17.3 28.3      844      598     1090 28.7 20.3 37.1      577      389      765 27.7 18.7 36.7  40133  36045  44221                                        WinnParish                                   LA est18-la.txt 19NOV2019
