22   0   910266   894522   926010 20.5 20.1 20.9   317946   309922   325970 28.8 28.1 29.5   214049   206892   221206 27.2 26.3 28.1  41804  41290  42318  100423   96516  104330 32.3 31.0 33.6 Louisiana                                     LA est11_LA.txt 28NOV2012
22   1    13671    11464    15878 22.4 18.8 26.0     4652     3699     5605 28.2 22.4 34.0     3410     2741     4079 28.6 23.0 34.2  34960  32488  37432                                        AcadiaParish                                 LA est11_LA.txt 28NOV2012
22   3     4984     3887     6081 23.2 18.1 28.3     1611     1261     1961 27.9 21.8 34.0     1046      796     1296 25.3 19.3 31.3  34586  31318  37854                                        AllenParish                                  LA est11_LA.txt 28NOV2012
22   5    12525    10015    15035 11.5  9.2 13.8     4731     3692     5770 15.4 12.0 18.8     3165     2402     3928 14.1 10.7 17.5  63305  58994  67616                                        AscensionParish                              LA est11_LA.txt 28NOV2012
22   7     4209     3277     5141 18.4 14.3 22.5     1419     1101     1737 25.9 20.1 31.7      951      719     1183 23.3 17.6 29.0  44770  40946  48594                                        AssumptionParish                             LA est11_LA.txt 28NOV2012
22   9     9814     8171    11457 25.5 21.2 29.8     3396     2704     4088 34.2 27.2 41.2     2370     1857     2883 33.3 26.1 40.5  31733  28921  34545                                        AvoyellesParish                              LA est11_LA.txt 28NOV2012
22  11     5861     4723     6999 16.9 13.6 20.2     2175     1749     2601 23.8 19.1 28.5     1479     1164     1794 22.2 17.5 26.9  43673  39509  47837                                        BeauregardParish                             LA est11_LA.txt 28NOV2012
22  13     3687     3057     4317 26.4 21.9 30.9     1224      984     1464 37.9 30.5 45.3      814      641      987 33.3 26.2 40.4  30750  27732  33768                                        BienvilleParish                              LA est11_LA.txt 28NOV2012
22  15    16586    13824    19348 14.1 11.8 16.4     6321     5044     7598 21.1 16.8 25.4     4436     3528     5344 20.8 16.5 25.1  50577  47404  53750                                        BossierParish                                LA est11_LA.txt 28NOV2012
22  17    54083    48036    60130 21.6 19.2 24.0    20474    17552    23396 32.9 28.2 37.6    13306    11102    15510 30.3 25.3 35.3  39948  37908  41988                                        CaddoParish                                  LA est11_LA.txt 28NOV2012
22  19    35936    31161    40711 18.9 16.4 21.4    12655    10580    14730 26.4 22.1 30.7     8333     6736     9930 24.3 19.6 29.0  41065  38832  43298                                        CalcasieuParish                              LA est11_LA.txt 28NOV2012
22  21     1880     1433     2327 19.9 15.2 24.6      687      520      854 29.9 22.6 37.2      466      346      586 28.0 20.8 35.2  36415  32962  39868                                        CaldwellParish                               LA est11_LA.txt 28NOV2012
22  23      871      666     1076 13.0  9.9 16.1      290      221      359 17.7 13.5 21.9      195      145      245 15.8 11.8 19.8  54318  50598  58038                                        CameronParish                                LA est11_LA.txt 28NOV2012
22  25     2580     2039     3121 27.3 21.6 33.0      872      687     1057 37.4 29.5 45.3      602      471      733 36.2 28.3 44.1  31678  28865  34491                                        CatahoulaParish                              LA est11_LA.txt 28NOV2012
22  27     4007     3155     4859 28.7 22.6 34.8     1150      899     1401 36.1 28.2 44.0      793      609      977 34.2 26.3 42.1  34084  30694  37474                                        ClaiborneParish                              LA est11_LA.txt 28NOV2012
22  29     5343     4258     6428 27.6 22.0 33.2     2107     1678     2536 40.7 32.4 49.0     1435     1115     1755 38.0 29.5 46.5  29373  26349  32397                                        ConcordiaParish                              LA est11_LA.txt 28NOV2012
22  31     5050     4102     5998 19.0 15.4 22.6     1759     1374     2144 27.1 21.2 33.0     1184      907     1461 25.0 19.2 30.8  40507  37131  43883                                        DeSotoParish                                LA est11_LA.txt 28NOV2012
22  33    86972    78431    95513 20.2 18.2 22.2    29370    25721    33019 29.3 25.7 32.9    20731    18027    23435 29.2 25.4 33.0  45924  43957  47891                                        EastBatonRougeParish                       LA est11_LA.txt 28NOV2012
22  35     2883     2269     3497 44.0 34.6 53.4     1048      806     1290 54.3 41.7 66.9      718      543      893 51.4 38.9 63.9  25163  22637  27689                                        EastCarrollParish                           LA est11_LA.txt 28NOV2012
22  37     3662     2912     4412 20.7 16.5 24.9     1150      901     1399 28.3 22.2 34.4      787      610      964 26.6 20.6 32.6  38478  34892  42064                                        EastFelicianaParish                         LA est11_LA.txt 28NOV2012
22  39     8568     7222     9914 26.4 22.2 30.6     3011     2458     3564 33.5 27.3 39.7     1998     1610     2386 30.9 24.9 36.9  32099  29169  35029                                        EvangelineParish                             LA est11_LA.txt 28NOV2012
22  41     5587     4452     6722 27.8 22.1 33.5     2231     1759     2703 42.8 33.8 51.8     1482     1131     1833 40.2 30.7 49.7  29025  26338  31712                                        FranklinParish                               LA est11_LA.txt 28NOV2012
22  43     4006     3097     4915 20.9 16.2 25.6     1413     1098     1728 28.4 22.1 34.7      970      745     1195 27.1 20.8 33.4  39539  35939  43139                                        GrantParish                                  LA est11_LA.txt 28NOV2012
22  45    15473    12852    18094 21.4 17.8 25.0     5920     4704     7136 30.3 24.1 36.5     3923     3031     4815 28.1 21.7 34.5  40626  37083  44169                                        IberiaParish                                 LA est11_LA.txt 28NOV2012
22  47     6759     5475     8043 23.0 18.6 27.4     2181     1698     2664 29.9 23.3 36.5     1487     1123     1851 28.5 21.5 35.5  37832  34133  41531                                        IbervilleParish                              LA est11_LA.txt 28NOV2012
22  49     3207     2562     3852 21.0 16.8 25.2     1068      825     1311 28.9 22.3 35.5      719      543      895 27.2 20.5 33.9  36032  32948  39116                                        JacksonParish                                LA est11_LA.txt 28NOV2012
22  51    77700    71210    84190 18.1 16.6 19.6    26293    23235    29351 27.6 24.4 30.8    17513    15256    19770 26.0 22.6 29.4  43700  41831  45569                                        JeffersonParish                              LA est11_LA.txt 28NOV2012
22  53     6702     5667     7737 21.6 18.3 24.9     2298     1861     2735 27.8 22.5 33.1     1509     1173     1845 25.4 19.8 31.0  38723  35377  42069                                        JeffersonDavisParish                        LA est11_LA.txt 28NOV2012
22  55    38327    33563    43091 17.5 15.3 19.7    11424     9267    13581 21.2 17.2 25.2     7521     5923     9119 19.7 15.5 23.9  47138  43492  50784                                        LafayetteParish                              LA est11_LA.txt 28NOV2012
22  57    16227    13863    18591 17.1 14.6 19.6     5263     4298     6228 22.8 18.6 27.0     3430     2675     4185 20.9 16.3 25.5  48180  44804  51556                                        LafourcheParish                              LA est11_LA.txt 28NOV2012
22  59     2565     2002     3128 18.7 14.6 22.8      802      619      985 23.1 17.8 28.4      537      406      668 21.7 16.4 27.0  42576  38296  46856                                        LaSalleParish                               LA est11_LA.txt 28NOV2012
22  61    12419    10906    13932 29.5 25.9 33.1     2939     2392     3486 31.6 25.7 37.5     1819     1406     2232 28.0 21.6 34.4  34497  31524  37470                                        LincolnParish                                LA est11_LA.txt 28NOV2012
22  63    16980    14226    19734 13.2 11.1 15.3     5857     4554     7160 16.8 13.1 20.5     3904     2921     4887 15.5 11.6 19.4  53700  49248  58152                                        LivingstonParish                             LA est11_LA.txt 28NOV2012
22  65     4319     3535     5103 41.4 33.9 48.9     1614     1299     1929 54.7 44.0 65.4     1008      766     1250 47.9 36.4 59.4  23240  21165  25315                                        MadisonParish                                LA est11_LA.txt 28NOV2012
22  67     7680     6398     8962 28.7 23.9 33.5     2723     2101     3345 40.5 31.3 49.7     1889     1436     2342 39.7 30.2 49.2  26778  24875  28681                                        MorehouseParish                              LA est11_LA.txt 28NOV2012
22  69    10749     9313    12185 28.9 25.0 32.8     3702     3207     4197 40.0 34.7 45.3     2571     2192     2950 38.4 32.7 44.1  32203  29653  34753                                        NatchitochesParish                           LA est11_LA.txt 28NOV2012
22  71   100078    93886   106270 28.7 26.9 30.5    31680    28946    34414 41.5 37.9 45.1    21483    19408    23558 40.7 36.8 44.6  34851  33653  36049                                        OrleansParish                                LA est11_LA.txt 28NOV2012
22  73    39183    35875    42491 26.2 24.0 28.4    16449    14866    18032 41.4 37.4 45.4    10223     8835    11611 36.0 31.1 40.9  35770  33376  38164                                        OuachitaParish                               LA est11_LA.txt 28NOV2012
22  75     3025     2356     3694 13.0 10.1 15.9     1015      776     1254 15.9 12.2 19.6      673      507      839 14.4 10.8 18.0  52259  47174  57344                                        PlaqueminesParish                            LA est11_LA.txt 28NOV2012
22  77     4927     4055     5799 21.9 18.0 25.8     1779     1427     2131 32.8 26.3 39.3     1279     1030     1528 32.0 25.8 38.2  40052  36219  43885                                        PointeCoupeeParish                          LA est11_LA.txt 28NOV2012
22  79    30038    26702    33374 23.4 20.8 26.0    10694     9260    12128 31.9 27.6 36.2     7374     6338     8410 30.5 26.2 34.8  36624  33966  39282                                        RapidesParish                                LA est11_LA.txt 28NOV2012
22  81     2322     1884     2760 26.8 21.8 31.8      820      644      996 36.5 28.7 44.3      546      418      674 33.7 25.8 41.6  32650  29271  36029                                        RedRiverParish                              LA est11_LA.txt 28NOV2012
22  83     4831     3762     5900 24.2 18.9 29.5     1974     1526     2422 37.4 28.9 45.9     1371     1046     1696 35.9 27.4 44.4  32148  29144  35152                                        RichlandParish                               LA est11_LA.txt 28NOV2012
22  85     4586     3740     5432 19.1 15.6 22.6     1545     1186     1904 26.4 20.3 32.5     1074      813     1335 25.5 19.3 31.7  37875  34850  40900                                        SabineParish                                 LA est11_LA.txt 28NOV2012
22  87     7695     6364     9026 19.6 16.2 23.0     2933     2311     3555 29.3 23.1 35.5     2003     1555     2451 29.3 22.7 35.9  38068  34713  41423                                        St.BernardParish                            LA est11_LA.txt 28NOV2012
22  89     6555     5219     7891 12.7 10.1 15.3     2519     1979     3059 18.4 14.5 22.3     1706     1337     2075 16.8 13.2 20.4  54860  50879  58841                                        St.CharlesParish                            LA est11_LA.txt 28NOV2012
22  91     2696     2159     3233 25.0 20.0 30.0     1042      807     1277 38.8 30.0 47.6      725      557      893 37.8 29.0 46.6  33721  30295  37147                                        St.HelenaParish                             LA est11_LA.txt 28NOV2012
22  93     4467     3790     5144 20.7 17.6 23.8     1544     1284     1804 28.4 23.6 33.2     1086      899     1273 27.3 22.6 32.0  43701  39388  48014                                        St.JamesParish                              LA est11_LA.txt 28NOV2012
22  95     7642     5932     9352 17.1 13.3 20.9     2998     2268     3728 25.2 19.1 31.3     2031     1505     2557 23.4 17.4 29.4  50483  46595  54371                                        St.JohntheBaptistParish                   LA est11_LA.txt 28NOV2012
22  97    21137    18004    24270 25.7 21.9 29.5     8028     6760     9296 35.8 30.1 41.5     5420     4441     6399 34.0 27.9 40.1  33750  31176  36324                                        St.LandryParish                             LA est11_LA.txt 28NOV2012
22  99    10958     9130    12786 21.0 17.5 24.5     4460     3704     5216 32.8 27.2 38.4     3035     2485     3585 30.8 25.2 36.4  38826  35307  42345                                        St.MartinParish                             LA est11_LA.txt 28NOV2012
22 101    11136     9494    12778 20.9 17.8 24.0     3672     2966     4378 27.3 22.1 32.5     2427     1911     2943 25.0 19.7 30.3  38813  35495  42131                                        St.MaryParish                               LA est11_LA.txt 28NOV2012
22 103    27765    23772    31758 11.8 10.1 13.5     9591     7837    11345 16.2 13.2 19.2     6314     5124     7504 14.3 11.6 17.0  57694  54428  60960                                        St.TammanyParish                            LA est11_LA.txt 28NOV2012
22 105    27198    23388    31008 22.9 19.7 26.1    10429     8902    11956 34.5 29.4 39.6     7432     6269     8595 34.8 29.3 40.3  38420  35807  41033                                        TangipahoaParish                             LA est11_LA.txt 28NOV2012
22 107     1689     1326     2052 33.5 26.3 40.7      597      463      731 48.5 37.6 59.4      403      305      501 43.9 33.2 54.6  26903  24268  29538                                        TensasParish                                 LA est11_LA.txt 28NOV2012
22 109    21271    18346    24196 19.3 16.6 22.0     7859     6682     9036 27.7 23.5 31.9     5207     4307     6107 25.7 21.3 30.1  45054  42360  47748                                        TerrebonneParish                             LA est11_LA.txt 28NOV2012
22 111     5393     4544     6242 24.2 20.4 28.0     1937     1616     2258 37.8 31.5 44.1     1394     1165     1623 37.6 31.4 43.8  34958  32003  37913                                        UnionParish                                  LA est11_LA.txt 28NOV2012
22 113    11057     9044    13070 19.2 15.7 22.7     3994     3127     4861 26.2 20.5 31.9     2458     1838     3078 22.3 16.7 27.9  39091  36115  42067                                        VermilionParish                              LA est11_LA.txt 28NOV2012
22 115     7410     6022     8798 14.9 12.1 17.7     2931     2296     3566 20.7 16.2 25.2     1986     1528     2444 21.0 16.2 25.8  45726  42930  48522                                        VernonParish                                 LA est11_LA.txt 28NOV2012
22 117    14220    12272    16168 31.3 27.0 35.6     4612     3734     5490 39.8 32.2 47.4     3178     2541     3815 37.8 30.2 45.4  29443  27006  31880                                        WashingtonParish                             LA est11_LA.txt 28NOV2012
22 119     9055     7624    10486 22.6 19.0 26.2     3070     2463     3677 32.1 25.7 38.5     2088     1644     2532 30.2 23.8 36.6  35908  32550  39266                                        WebsterParish                                LA est11_LA.txt 28NOV2012
22 121     3656     2875     4437 15.6 12.3 18.9     1361     1049     1673 23.0 17.7 28.3      916      687     1145 21.7 16.3 27.1  46155  41505  50805                                        WestBatonRougeParish                       LA est11_LA.txt 28NOV2012
22 123     2676     2148     3204 24.1 19.3 28.9      948      734     1162 34.0 26.3 41.7      633      473      793 31.3 23.4 39.2  27781  25527  30035                                        WestCarrollParish                           LA est11_LA.txt 28NOV2012
22 125     2289     1748     2830 22.6 17.3 27.9      518      399      637 20.0 15.4 24.6      346      262      430 17.6 13.3 21.9  49479  44320  54638                                        WestFelicianaParish                         LA est11_LA.txt 28NOV2012
22 127     3439     2715     4163 25.7 20.3 31.1     1114      856     1372 33.3 25.6 41.0      737      552      922 30.2 22.6 37.8  33875  30500  37250                                        WinnParish                                   LA est11_LA.txt 28NOV2012
