22   0   885846   868463   903229 19.5 19.1 19.9   309187   300054   318320 28.1 27.3 28.9   211026   203461   218591 26.7 25.7 27.7  45829  45174  46484   94525   89832   99218 30.9 29.4 32.4 Louisiana                                     LA est15_LA.txt 22NOV2016
22   1    14559    12501    16617 23.7 20.4 27.0     5327     4526     6128 32.5 27.6 37.4     3633     3036     4230 30.4 25.4 35.4  42033  37920  46146                                        AcadiaParish                                 LA est15_LA.txt 22NOV2016
22   3     4372     3353     5391 20.4 15.6 25.2     1402     1095     1709 24.3 19.0 29.6      972      741     1203 23.7 18.1 29.3  42120  38789  45451                                        AllenParish                                  LA est15_LA.txt 22NOV2016
22   5    12695    10285    15105 10.7  8.7 12.7     4827     3894     5760 14.8 11.9 17.7     3325     2647     4003 13.9 11.1 16.7  74852  69917  79787                                        AscensionParish                              LA est15_LA.txt 22NOV2016
22   7     3795     2926     4664 16.8 13.0 20.6     1285     1006     1564 25.2 19.7 30.7      889      676     1102 23.3 17.7 28.9  48516  43834  53198                                        AssumptionParish                             LA est15_LA.txt 22NOV2016
22   9     9540     8049    11031 25.3 21.3 29.3     3374     2759     3989 34.7 28.4 41.0     2264     1796     2732 32.6 25.9 39.3  34803  31448  38158                                        AvoyellesParish                              LA est15_LA.txt 22NOV2016
22  11     6824     5910     7738 19.5 16.9 22.1     2203     1857     2549 24.8 20.9 28.7     1469     1208     1730 22.7 18.7 26.7  48206  43603  52809                                        BeauregardParish                             LA est15_LA.txt 22NOV2016
22  13     3415     2796     4034 25.4 20.8 30.0     1136      926     1346 37.4 30.5 44.3      781      617      945 34.3 27.1 41.5  34565  31094  38036                                        BienvilleParish                              LA est15_LA.txt 22NOV2016
22  15    17765    15076    20454 14.5 12.3 16.7     6297     5115     7479 20.4 16.6 24.2     4351     3480     5222 19.9 15.9 23.9  55403  51500  59306                                        BossierParish                                LA est15_LA.txt 22NOV2016
22  17    54405    48087    60723 22.2 19.6 24.8    20973    18087    23859 34.8 30.0 39.6    13958    11633    16283 33.3 27.8 38.8  41081  38996  43166                                        CaddoParish                                  LA est15_LA.txt 22NOV2016
22  19    34103    30173    38033 17.5 15.5 19.5    12643    10978    14308 26.0 22.6 29.4     9135     7871    10399 25.9 22.3 29.5  46523  43897  49149                                        CalcasieuParish                              LA est15_LA.txt 22NOV2016
22  21     2153     1741     2565 22.9 18.5 27.3      738      595      881 32.8 26.4 39.2      532      425      639 31.9 25.5 38.3  38564  34589  42539                                        CaldwellParish                               LA est15_LA.txt 22NOV2016
22  23      865      667     1063 12.7  9.8 15.6      273      215      331 17.6 13.9 21.3      191      147      235 15.9 12.2 19.6  56259  50646  61872                                        CameronParish                                LA est15_LA.txt 22NOV2016
22  25     2525     2016     3034 27.2 21.7 32.7      855      691     1019 37.0 29.9 44.1      588      467      709 36.0 28.6 43.4  33958  30426  37490                                        CatahoulaParish                              LA est15_LA.txt 22NOV2016
22  27     4121     3279     4963 30.9 24.6 37.2     1094      859     1329 37.1 29.1 45.1      680      504      856 32.3 24.0 40.6  33740  30247  37233                                        ClaiborneParish                              LA est15_LA.txt 22NOV2016
22  29     5505     4498     6512 29.5 24.1 34.9     1999     1622     2376 41.6 33.8 49.4     1411     1127     1695 39.4 31.5 47.3  33068  29622  36514                                        ConcordiaParish                              LA est15_LA.txt 22NOV2016
22  31     6667     5832     7502 24.9 21.8 28.0     2521     2218     2824 38.7 34.1 43.3     1852     1620     2084 38.4 33.6 43.2  41691  37690  45692                                        DeSotoParish                                LA est15_LA.txt 22NOV2016
22  33    80662    72852    88472 18.5 16.7 20.3    26650    23005    30295 26.5 22.9 30.1    17963    15062    20864 25.1 21.0 29.2  50389  49055  51723                                        EastBatonRougeParish                       LA est15_LA.txt 22NOV2016
22  35     2708     2134     3282 43.5 34.3 52.7     1001      788     1214 56.1 44.2 68.0      710      549      871 57.8 44.7 70.9  26325  23591  29059                                        EastCarrollParish                           LA est15_LA.txt 22NOV2016
22  37     3766     2993     4539 21.8 17.3 26.3     1032      819     1245 27.6 21.9 33.3      719      558      880 27.1 21.0 33.2  43105  38808  47402                                        EastFelicianaParish                         LA est15_LA.txt 22NOV2016
22  39     8310     6842     9778 25.7 21.2 30.2     2759     2208     3310 32.1 25.7 38.5     1906     1496     2316 30.4 23.9 36.9  33407  30440  36374                                        EvangelineParish                             LA est15_LA.txt 22NOV2016
22  41     5000     3960     6040 25.4 20.1 30.7     2084     1648     2520 40.7 32.2 49.2     1409     1080     1738 37.7 28.9 46.5  33845  30901  36789                                        FranklinParish                               LA est15_LA.txt 22NOV2016
22  43     4120     3358     4882 21.3 17.4 25.2     1314     1073     1555 28.1 22.9 33.3      893      714     1072 26.2 20.9 31.5  43437  39223  47651                                        GrantParish                                  LA est15_LA.txt 22NOV2016
22  45    15214    12747    17681 20.8 17.4 24.2     6347     5267     7427 32.7 27.1 38.3     4296     3432     5160 30.6 24.5 36.7  45039  41651  48427                                        IberiaParish                                 LA est15_LA.txt 22NOV2016
22  47     6538     5073     8003 22.3 17.3 27.3     2145     1684     2606 30.7 24.1 37.3     1470     1112     1828 28.9 21.9 35.9  42000  37844  46156                                        IbervilleParish                              LA est15_LA.txt 22NOV2016
22  49     3125     2497     3753 21.1 16.9 25.3     1070      865     1275 30.8 24.9 36.7      741      583      899 28.5 22.4 34.6  41029  37277  44781                                        JacksonParish                                LA est15_LA.txt 22NOV2016
22  51    70484    63339    77629 16.3 14.6 18.0    25376    22417    28335 27.1 23.9 30.3    17508    15277    19739 26.2 22.9 29.5  49503  47924  51082                                        JeffersonParish                              LA est15_LA.txt 22NOV2016
22  53     6245     5177     7313 20.3 16.8 23.8     2181     1768     2594 27.2 22.0 32.4     1551     1243     1859 26.8 21.5 32.1  43677  39315  48039                                        JeffersonDavisParish                        LA est15_LA.txt 22NOV2016
22  55    39876    35450    44302 17.0 15.1 18.9    11822     9949    13695 20.7 17.4 24.0     8043     6659     9427 19.9 16.5 23.3  52411  50333  54489                                        LafayetteParish                              LA est15_LA.txt 22NOV2016
22  57    13612    11021    16203 14.1 11.4 16.8     4579     3638     5520 20.0 15.9 24.1     3212     2514     3910 19.2 15.0 23.4  53482  50664  56300                                        LafourcheParish                              LA est15_LA.txt 22NOV2016
22  59     2533     2043     3023 18.5 14.9 22.1      757      600      914 21.8 17.3 26.3      508      388      628 19.7 15.1 24.3  46258  41422  51094                                        LaSalleParish                               LA est15_LA.txt 22NOV2016
22  61    10965     9124    12806 25.5 21.2 29.8     2846     2298     3394 29.8 24.1 35.5     1955     1540     2370 29.5 23.2 35.8  38118  34389  41847                                        LincolnParish                                LA est15_LA.txt 22NOV2016
22  63    18356    15455    21257 13.5 11.4 15.6     6272     5147     7397 17.6 14.4 20.8     4475     3633     5317 17.1 13.9 20.3  58774  54660  62888                                        LivingstonParish                             LA est15_LA.txt 22NOV2016
22  65     3743     2941     4545 37.6 29.5 45.7     1448     1146     1750 52.7 41.7 63.7     1044      817     1271 54.7 42.8 66.6  27225  24670  29780                                        MadisonParish                                LA est15_LA.txt 22NOV2016
22  67     7948     6849     9047 31.1 26.8 35.4     3170     2715     3625 50.0 42.8 57.2     2129     1741     2517 47.0 38.4 55.6  31777  28701  34853                                        MorehouseParish                              LA est15_LA.txt 22NOV2016
22  69    10952     9521    12383 29.6 25.7 33.5     3295     2732     3858 36.2 30.0 42.4     2344     1918     2770 36.0 29.5 42.5  33786  30619  36953                                        NatchitochesParish                           LA est15_LA.txt 22NOV2016
22  71    90849    82888    98810 24.0 21.9 26.1    30013    26824    33202 38.2 34.1 42.3    19785    17143    22427 36.0 31.2 40.8  38640  36852  40428                                        OrleansParish                                LA est15_LA.txt 22NOV2016
22  73    34836    31149    38523 23.0 20.6 25.4    12987    11303    14671 33.1 28.8 37.4     8704     7357    10051 30.9 26.1 35.7  38453  35793  41113                                        OuachitaParish                               LA est15_LA.txt 22NOV2016
22  75     4027     3360     4694 17.3 14.4 20.2     1211      966     1456 19.7 15.7 23.7      763      577      949 17.1 12.9 21.3  49122  44118  54126                                        PlaqueminesParish                            LA est15_LA.txt 22NOV2016
22  77     4264     3406     5122 19.3 15.4 23.2     1457     1160     1754 29.2 23.3 35.1     1020      797     1243 27.9 21.8 34.0  42919  39337  46501                                        PointeCoupeeParish                          LA est15_LA.txt 22NOV2016
22  79    27768    24956    30580 21.6 19.4 23.8    10318     9102    11534 31.7 28.0 35.4     6914     5896     7932 29.3 25.0 33.6  42758  40363  45153                                        RapidesParish                                LA est15_LA.txt 22NOV2016
22  81     2157     1668     2646 25.7 19.9 31.5      774      610      938 37.9 29.8 46.0      542      417      667 37.6 28.9 46.3  41742  39273  44211                                        RedRiverParish                              LA est15_LA.txt 22NOV2016
22  83     4835     3851     5819 24.7 19.7 29.7     1879     1482     2276 37.3 29.4 45.2     1296      994     1598 36.0 27.6 44.4  34588  31078  38098                                        RichlandParish                               LA est15_LA.txt 22NOV2016
22  85     4294     3472     5116 18.1 14.6 21.6     1502     1186     1818 25.9 20.5 31.3     1047      809     1285 24.8 19.2 30.4  42196  38664  45728                                        SabineParish                                 LA est15_LA.txt 22NOV2016
22  87     9179     7607    10751 20.4 16.9 23.9     3692     2967     4417 30.3 24.3 36.3     2614     2077     3151 30.7 24.4 37.0  41540  38814  44266                                        St.BernardParish                            LA est15_LA.txt 22NOV2016
22  89     6147     4861     7433 11.8  9.3 14.3     2301     1804     2798 17.4 13.6 21.2     1588     1215     1961 16.0 12.2 19.8  61601  58491  64711                                        St.CharlesParish                            LA est15_LA.txt 22NOV2016
22  91     2073     1601     2545 19.9 15.4 24.4      770      596      944 34.0 26.3 41.7      555      416      694 32.6 24.4 40.8  36602  32872  40332                                        St.HelenaParish                             LA est15_LA.txt 22NOV2016
22  93     3902     3124     4680 18.3 14.7 21.9     1319     1069     1569 26.6 21.6 31.6      937      743     1131 25.8 20.5 31.1  52258  47588  56928                                        St.JamesParish                              LA est15_LA.txt 22NOV2016
22  95     8829     7276    10382 20.5 16.9 24.1     3236     2616     3856 29.9 24.2 35.6     2316     1851     2781 29.0 23.2 34.8  50596  46305  54887                                        St.JohntheBaptistParish                   LA est15_LA.txt 22NOV2016
22  97    22326    19737    24915 27.0 23.9 30.1     8333     7176     9490 37.2 32.0 42.4     5793     4938     6648 36.6 31.2 42.0  33503  30631  36375                                        St.LandryParish                             LA est15_LA.txt 22NOV2016
22  99     9693     7805    11581 18.3 14.7 21.9     3666     2948     4384 27.9 22.4 33.4     2616     2087     3145 27.1 21.6 32.6  45435  41184  49686                                        St.MartinParish                             LA est15_LA.txt 22NOV2016
22 101    10225     8361    12089 19.7 16.1 23.3     3616     2868     4364 28.3 22.4 34.2     2420     1841     2999 26.4 20.1 32.7  40945  38548  43342                                        St.MaryParish                               LA est15_LA.txt 22NOV2016
22 103    31138    27188    35088 12.5 10.9 14.1    10397     8815    11979 17.3 14.7 19.9     7117     5904     8330 15.7 13.0 18.4  63499  61360  65638                                        St.TammanyParish                            LA est15_LA.txt 22NOV2016
22 105    30092    26492    33692 24.0 21.1 26.9    11019     9464    12574 35.0 30.1 39.9     7481     6172     8790 33.8 27.9 39.7  41768  38161  45375                                        TangipahoaParish                             LA est15_LA.txt 22NOV2016
22 107     1659     1344     1974 35.1 28.4 41.8      623      498      748 52.6 42.1 63.1      419      325      513 46.6 36.1 57.1  27077  24218  29936                                        TensasParish                                 LA est15_LA.txt 22NOV2016
22 109    22587    19602    25572 20.1 17.4 22.8     7188     5985     8391 24.9 20.7 29.1     4846     3883     5809 23.4 18.7 28.1  44450  41561  47339                                        TerrebonneParish                             LA est15_LA.txt 22NOV2016
22 111     4816     3910     5722 21.9 17.8 26.0     1731     1409     2053 34.3 27.9 40.7     1229      988     1470 33.3 26.8 39.8  38741  34967  42515                                        UnionParish                                  LA est15_LA.txt 22NOV2016
22 113    10726     8908    12544 18.1 15.0 21.2     3651     2915     4387 23.6 18.8 28.4     2482     1922     3042 21.7 16.8 26.6  46807  43234  50380                                        VermilionParish                              LA est15_LA.txt 22NOV2016
22 115     8496     7265     9727 17.5 15.0 20.0     3036     2522     3550 23.3 19.4 27.2     1977     1599     2355 23.5 19.0 28.0  44733  40758  48708                                        VernonParish                                 LA est15_LA.txt 22NOV2016
22 117    11707     9679    13735 26.2 21.7 30.7     4061     3251     4871 36.9 29.5 44.3     2738     2113     3363 33.9 26.2 41.6  33453  30079  36827                                        WashingtonParish                             LA est15_LA.txt 22NOV2016
22 119    10058     8793    11323 25.9 22.6 29.2     3596     3132     4060 40.0 34.8 45.2     2366     2004     2728 36.2 30.7 41.7  34566  31681  37451                                        WebsterParish                                LA est15_LA.txt 22NOV2016
22 121     3754     2959     4549 15.1 11.9 18.3     1369     1084     1654 22.1 17.5 26.7      923      704     1142 21.0 16.0 26.0  55074  50041  60107                                        WestBatonRougeParish                       LA est15_LA.txt 22NOV2016
22 123     2461     1936     2986 22.7 17.9 27.5      849      675     1023 32.1 25.5 38.7      599      466      732 30.5 23.7 37.3  35484  31912  39056                                        WestCarrollParish                           LA est15_LA.txt 22NOV2016
22 125     2401     1842     2960 23.9 18.3 29.5      540      426      654 21.7 17.1 26.3      367      283      451 19.8 15.2 24.4  56680  50938  62422                                        WestFelicianaParish                         LA est15_LA.txt 22NOV2016
22 127     3082     2446     3718 24.0 19.1 28.9      961      759     1163 30.4 24.0 36.8      665      514      816 28.7 22.2 35.2  36173  32516  39830                                        WinnParish                                   LA est15_LA.txt 22NOV2016
