22   0   898902   882243   915561 19.9 19.5 20.3   307469   298623   316315 28.0 27.2 28.8   207577   200114   215040 26.3 25.4 27.2  44680  43971  45389   95627   91157  100097 31.6 30.1 33.1 Louisiana                                     LA est14_LA.txt 06NOV2015
22   1    13527    11335    15719 22.0 18.4 25.6     4509     3564     5454 27.6 21.8 33.4     3023     2330     3716 25.2 19.4 31.0  40269  36378  44160                                        AcadiaParish                                 LA est14_LA.txt 06NOV2015
22   3     4832     3929     5735 22.5 18.3 26.7     1500     1220     1780 26.2 21.3 31.1      953      735     1171 23.0 17.7 28.3  36852  34825  38879                                        AllenParish                                  LA est14_LA.txt 06NOV2015
22   5    15873    13554    18192 13.7 11.7 15.7     5846     4882     6810 18.3 15.3 21.3     3761     3047     4475 16.0 13.0 19.0  67299  62671  71927                                        AscensionParish                              LA est14_LA.txt 06NOV2015
22   7     4067     3154     4980 17.8 13.8 21.8     1390     1076     1704 26.7 20.7 32.7      982      759     1205 25.1 19.4 30.8  46317  42592  50042                                        AssumptionParish                             LA est14_LA.txt 06NOV2015
22   9     9639     7746    11532 25.5 20.5 30.5     3275     2548     4002 33.8 26.3 41.3     2291     1776     2806 32.9 25.5 40.3  34022  30779  37265                                        AvoyellesParish                              LA est14_LA.txt 06NOV2015
22  11     6559     5515     7603 18.9 15.9 21.9     2043     1627     2459 23.1 18.4 27.8     1346     1048     1644 21.0 16.3 25.7  43918  39865  47971                                        BeauregardParish                             LA est14_LA.txt 06NOV2015
22  13     3704     3087     4321 27.4 22.8 32.0     1183      948     1418 37.5 30.0 45.0      779      609      949 34.0 26.6 41.4  33134  29999  36269                                        BienvilleParish                              LA est14_LA.txt 06NOV2015
22  15    17520    14711    20329 14.3 12.0 16.6     6783     5607     7959 21.8 18.0 25.6     4293     3411     5175 19.6 15.6 23.6  51138  48439  53837                                        BossierParish                                LA est14_LA.txt 06NOV2015
22  17    59514    53501    65527 24.1 21.7 26.5    22030    19177    24883 36.5 31.8 41.2    14380    12192    16568 34.0 28.8 39.2  39812  36936  42688                                        CaddoParish                                  LA est14_LA.txt 06NOV2015
22  19    35591    31324    39858 18.4 16.2 20.6    12741    10907    14575 26.3 22.5 30.1     8025     6563     9487 22.9 18.7 27.1  45979  43355  48603                                        CalcasieuParish                              LA est14_LA.txt 06NOV2015
22  21     2168     1732     2604 23.3 18.6 28.0      686      540      832 31.1 24.5 37.7      447      339      555 27.4 20.8 34.0  36350  32600  40100                                        CaldwellParish                               LA est14_LA.txt 06NOV2015
22  23      809      620      998 12.2  9.4 15.0      253      192      314 17.0 12.9 21.1      177      132      222 15.1 11.3 18.9  59300  55359  63241                                        CameronParish                                LA est14_LA.txt 06NOV2015
22  25     2158     1667     2649 23.3 18.0 28.6      728      557      899 32.3 24.7 39.9      504      386      622 30.8 23.6 38.0  34116  30742  37490                                        CatahoulaParish                              LA est14_LA.txt 06NOV2015
22  27     3789     2967     4611 28.2 22.1 34.3     1114      865     1363 37.3 29.0 45.6      772      595      949 36.3 28.0 44.6  35385  31871  38899                                        ClaiborneParish                              LA est14_LA.txt 06NOV2015
22  29     5855     4933     6777 30.9 26.0 35.8     2162     1768     2556 43.4 35.5 51.3     1375     1084     1666 37.7 29.7 45.7  31835  28573  35097                                        ConcordiaParish                              LA est14_LA.txt 06NOV2015
22  31     6298     5312     7284 23.5 19.8 27.2     2068     1687     2449 31.4 25.6 37.2     1479     1209     1749 30.8 25.2 36.4  40642  37620  43664                                        DeSotoParish                                LA est14_LA.txt 06NOV2015
22  33    80273    71984    88562 18.4 16.5 20.3    24261    20261    28261 24.2 20.2 28.2    17265    14140    20390 24.1 19.7 28.5  46831  44520  49142                                        EastBatonRougeParish                       LA est14_LA.txt 06NOV2015
22  35     2751     2157     3345 43.0 33.7 52.3      999      771     1227 54.3 41.9 66.7      688      524      852 53.8 41.0 66.6  25402  22922  27882                                        EastCarrollParish                           LA est14_LA.txt 06NOV2015
22  37     3543     2786     4300 20.4 16.1 24.7      965      730     1200 25.4 19.2 31.6      658      492      824 24.1 18.0 30.2  41651  37428  45874                                        EastFelicianaParish                         LA est14_LA.txt 06NOV2015
22  39     7757     6258     9256 24.1 19.5 28.7     2775     2194     3356 31.6 25.0 38.2     1817     1381     2253 28.6 21.7 35.5  32615  29494  35736                                        EvangelineParish                             LA est14_LA.txt 06NOV2015
22  41     5718     4844     6592 29.0 24.6 33.4     2272     1927     2617 44.2 37.5 50.9     1458     1183     1733 39.3 31.9 46.7  32318  29180  35456                                        FranklinParish                               LA est14_LA.txt 06NOV2015
22  43     4417     3704     5130 22.8 19.1 26.5     1227      943     1511 25.7 19.8 31.6      824      625     1023 23.5 17.8 29.2  40668  36710  44626                                        GrantParish                                  LA est14_LA.txt 06NOV2015
22  45    14132    11391    16873 19.4 15.6 23.2     5610     4497     6723 29.1 23.3 34.9     3838     3031     4645 27.2 21.5 32.9  45226  42503  47949                                        IberiaParish                                 LA est14_LA.txt 06NOV2015
22  47     5867     4547     7187 19.9 15.4 24.4     2222     1721     2723 31.0 24.0 38.0     1533     1165     1901 30.2 22.9 37.5  47377  44130  50624                                        IbervilleParish                              LA est14_LA.txt 06NOV2015
22  49     3679     3116     4242 24.6 20.8 28.4     1171      961     1381 33.1 27.2 39.0      803      649      957 30.5 24.7 36.3  37130  33219  41041                                        JacksonParish                                LA est14_LA.txt 06NOV2015
22  51    68333    61395    75271 15.8 14.2 17.4    24116    20851    27381 25.7 22.2 29.2    16573    14155    18991 24.8 21.2 28.4  47024  45245  48803                                        JeffersonParish                              LA est14_LA.txt 06NOV2015
22  53     6700     5649     7751 21.7 18.3 25.1     2204     1777     2631 27.5 22.2 32.8     1484     1171     1797 25.7 20.3 31.1  37968  34664  41272                                        JeffersonDavisParish                        LA est14_LA.txt 06NOV2015
22  55    34809    29726    39892 15.1 12.9 17.3    10987     8822    13152 19.8 15.9 23.7     7451     5890     9012 18.8 14.9 22.7  51340  49439  53241                                        LafayetteParish                              LA est14_LA.txt 06NOV2015
22  57    16903    14778    19028 17.6 15.4 19.8     5715     4913     6517 25.1 21.6 28.6     4282     3708     4856 25.7 22.3 29.1  47382  43328  51436                                        LafourcheParish                              LA est14_LA.txt 06NOV2015
22  59     2447     1933     2961 18.0 14.2 21.8      705      539      871 20.9 16.0 25.8      479      362      596 19.2 14.5 23.9  44139  39431  48847                                        LaSalleParish                               LA est14_LA.txt 06NOV2015
22  61    12699    11190    14208 29.7 26.2 33.2     2906     2332     3480 30.5 24.5 36.5     1855     1425     2285 28.1 21.6 34.6  32889  30777  35001                                        LincolnParish                                LA est14_LA.txt 06NOV2015
22  63    16499    13537    19461 12.3 10.1 14.5     5932     4670     7194 16.9 13.3 20.5     3881     2969     4793 14.9 11.4 18.4  58818  55134  62502                                        LivingstonParish                             LA est14_LA.txt 06NOV2015
22  65     4250     3401     5099 41.4 33.1 49.7     1470     1129     1811 50.9 39.1 62.7      997      754     1240 50.5 38.2 62.8  26732  23998  29466                                        MadisonParish                                LA est14_LA.txt 06NOV2015
22  67     7608     6511     8705 29.4 25.2 33.6     2873     2444     3302 44.7 38.0 51.4     1995     1700     2290 43.5 37.1 49.9  30636  28099  33173                                        MorehouseParish                              LA est14_LA.txt 06NOV2015
22  69    11500    10057    12943 31.1 27.2 35.0     3431     2867     3995 37.7 31.5 43.9     2299     1882     2716 34.8 28.5 41.1  34522  31117  37927                                        NatchitochesParish                           LA est14_LA.txt 06NOV2015
22  71   103855    96823   110887 27.9 26.0 29.8    33563    30754    36372 43.3 39.7 46.9    22807    20592    25022 42.0 37.9 46.1  35468  33961  36975                                        OrleansParish                                LA est14_LA.txt 06NOV2015
22  73    35619    31283    39955 23.6 20.7 26.5    14129    12186    16072 36.1 31.1 41.1     9652     8202    11102 34.3 29.1 39.5  40877  38673  43081                                        OuachitaParish                               LA est14_LA.txt 06NOV2015
22  75     3715     2996     4434 16.0 12.9 19.1     1228      955     1501 19.9 15.5 24.3      844      649     1039 18.9 14.5 23.3  51304  46315  56293                                        PlaqueminesParish                            LA est14_LA.txt 06NOV2015
22  77     4072     3196     4948 18.3 14.4 22.2     1434     1091     1777 28.1 21.4 34.8      964      723     1205 25.9 19.4 32.4  44469  40287  48651                                        PointeCoupeeParish                          LA est14_LA.txt 06NOV2015
22  79    25480    21608    29352 19.8 16.8 22.8     8772     6994    10550 26.7 21.3 32.1     6042     4793     7291 25.3 20.1 30.5  40406  37704  43108                                        RapidesParish                                LA est14_LA.txt 06NOV2015
22  81     2140     1666     2614 25.3 19.7 30.9      721      547      895 34.5 26.2 42.8      486      363      609 32.8 24.5 41.1  33322  29842  36802                                        RedRiverParish                              LA est14_LA.txt 06NOV2015
22  83     4932     3882     5982 24.9 19.6 30.2     1842     1432     2252 35.7 27.7 43.7     1273      984     1562 34.5 26.7 42.3  36666  33773  39559                                        RichlandParish                               LA est14_LA.txt 06NOV2015
22  85     5022     4330     5714 21.2 18.3 24.1     1578     1300     1856 27.1 22.3 31.9     1069      870     1268 25.6 20.8 30.4  39561  35777  43345                                        SabineParish                                 LA est14_LA.txt 06NOV2015
22  87     7869     6309     9429 17.9 14.4 21.4     3165     2420     3910 27.0 20.6 33.4     2195     1629     2761 26.8 19.9 33.7  45615  43076  48154                                        St.BernardParish                            LA est14_LA.txt 06NOV2015
22  89     6272     4942     7602 12.1  9.5 14.7     2409     1860     2958 18.2 14.1 22.3     1599     1214     1984 16.0 12.1 19.9  60751  55245  66257                                        St.CharlesParish                            LA est14_LA.txt 06NOV2015
22  91     2515     2023     3007 24.0 19.3 28.7      853      654     1052 36.5 28.0 45.0      594      443      745 34.4 25.7 43.1  35004  31366  38642                                        St.HelenaParish                             LA est14_LA.txt 06NOV2015
22  93     3450     2632     4268 16.1 12.3 19.9     1257      961     1553 24.8 19.0 30.6      863      649     1077 23.2 17.5 28.9  47477  43084  51870                                        St.JamesParish                              LA est14_LA.txt 06NOV2015
22  95     8995     7527    10463 20.8 17.4 24.2     3373     2718     4028 30.9 24.9 36.9     2274     1778     2770 28.2 22.1 34.3  47225  43540  50910                                        St.JohntheBaptistParish                   LA est14_LA.txt 06NOV2015
22  97    24857    22316    27398 30.1 27.0 33.2     8980     7832    10128 40.2 35.1 45.3     5621     4723     6519 35.4 29.7 41.1  32683  29524  35842                                        St.LandryParish                             LA est14_LA.txt 06NOV2015
22  99     9460     7469    11451 18.0 14.2 21.8     3515     2726     4304 26.9 20.9 32.9     2412     1853     2971 25.1 19.3 30.9  46713  43457  49969                                        St.MartinParish                             LA est14_LA.txt 06NOV2015
22 101    11395     9627    13163 21.8 18.4 25.2     3904     3159     4649 30.2 24.4 36.0     2605     2060     3150 28.0 22.1 33.9  42075  38810  45340                                        St.MaryParish                               LA est14_LA.txt 06NOV2015
22 103    27292    23212    31372 11.2  9.5 12.9     8860     7013    10707 14.9 11.8 18.0     6177     4851     7503 13.6 10.7 16.5  63441  59998  66884                                        St.TammanyParish                            LA est14_LA.txt 06NOV2015
22 105    27726    23399    32053 22.5 19.0 26.0     9926     8241    11611 31.9 26.5 37.3     6701     5454     7948 30.5 24.8 36.2  39927  36949  42905                                        TangipahoaParish                             LA est14_LA.txt 06NOV2015
22 107     1538     1228     1848 32.0 25.6 38.4      536      409      663 44.6 34.0 55.2      365      275      455 39.9 30.1 49.7  27522  24585  30459                                        TensasParish                                 LA est14_LA.txt 06NOV2015
22 109    23321    20521    26121 20.9 18.4 23.4     7692     6551     8833 27.1 23.1 31.1     5027     4155     5899 24.4 20.2 28.6  49044  45060  53028                                        TerrebonneParish                             LA est14_LA.txt 06NOV2015
22 111     4835     4006     5664 22.0 18.2 25.8     1682     1347     2017 33.3 26.7 39.9     1101      856     1346 30.0 23.3 36.7  38998  35137  42859                                        UnionParish                                  LA est14_LA.txt 06NOV2015
22 113    10775     8748    12802 18.3 14.9 21.7     3809     2988     4630 24.5 19.2 29.8     2407     1808     3006 21.0 15.8 26.2  45331  41397  49265                                        VermilionParish                              LA est14_LA.txt 06NOV2015
22 115     6911     5588     8234 13.9 11.2 16.6     2778     2162     3394 20.3 15.8 24.8     1914     1477     2351 21.2 16.4 26.0  46682  44685  48679                                        VernonParish                                 LA est14_LA.txt 06NOV2015
22 117    12979    11078    14880 29.1 24.8 33.4     4189     3386     4992 38.2 30.9 45.5     2865     2288     3442 35.5 28.4 42.6  29749  26960  32538                                        WashingtonParish                             LA est14_LA.txt 06NOV2015
22 119     8681     7012    10350 22.2 17.9 26.5     2952     2286     3618 31.9 24.7 39.1     2033     1553     2513 30.1 23.0 37.2  36003  32666  39340                                        WebsterParish                                LA est14_LA.txt 06NOV2015
22 121     5012     4327     5697 20.5 17.7 23.3     1704     1418     1990 28.6 23.8 33.4     1217     1014     1420 28.3 23.6 33.0  51550  46535  56565                                        WestBatonRougeParish                       LA est14_LA.txt 06NOV2015
22 123     2492     1945     3039 22.5 17.5 27.5      874      673     1075 31.8 24.5 39.1      605      462      748 29.0 22.1 35.9  33959  30401  37517                                        WestCarrollParish                           LA est14_LA.txt 06NOV2015
22 125     2415     1891     2939 24.0 18.8 29.2      528      408      648 20.9 16.1 25.7      360      276      444 19.2 14.7 23.7  53679  48045  59313                                        WestFelicianaParish                         LA est14_LA.txt 06NOV2015
22 127     3487     2827     4147 26.8 21.7 31.9     1066      852     1280 33.6 26.9 40.3      738      587      889 31.2 24.8 37.6  36644  32744  40544                                        WinnParish                                   LA est14_LA.txt 06NOV2015
